[193, 45, 344, 84, 'VERACRUZ', 0.9953498840332031, 29]
[193, 70, 333, 108, 'GOBIERNO', 0.9666037559509277, 28]
[196, 101, 250, 131, 'DEL', 0.9949195981025696, 22]
[250, 99, 354, 128, 'ESTADO', 0.9782484769821167, 21]
[535, 42, 624, 82, 'SSP', 0.9937777519226074, 30]
[535, 79, 624, 102, 'Secretaria', 0.9949527978897095, 17]
[623, 82, 649, 102, 'de', 0.9998747110366821, 15]
[535, 99, 626, 122, 'Seguridad', 0.9747136831283569, 17]
[626, 101, 691, 119, 'publica', 0.7288903594017029, 13]
[897, 59, 1061, 87, 'Subsecretaria', 0.9958441853523254, 21]
[1061, 60, 1095, 87, 'de', 0.9996935129165649, 20]
[898, 84, 1047, 113, 'Operaciones', 0.9948474168777466, 21]
[717, 170, 816, 193, 'Asunto:', 0.9998842477798462, 17]
[822, 170, 946, 193, 'Constancia', 0.9972750544548035, 17]
[951, 170, 983, 196, 'de', 0.9999054670333862, 19]
[986, 173, 1065, 196, 'Sueldo', 0.9653822779655457, 17]
[105, 306, 132, 337, 'A', 0.9999504089355469, 23]
[131, 306, 224, 340, 'QUIEN', 0.9997194409370422, 25]
[228, 309, 439, 333, 'CORRESPONDA:', 0.9984112977981567, 18]
[106, 408, 143, 435, 'La', 0.9996546506881714, 20]
[145, 410, 190, 435, 'Lic.', 0.9965066313743591, 18]
[197, 413, 307, 432, 'Elizabeth', 0.9946106672286987, 14]
[316, 411, 426, 435, 'Mendoza', 0.999622106552124, 18]
[431, 411, 533, 439, 'Montiel,', 0.9991399049758911, 21]
[541, 415, 699, 438, 'Subdelegada', 0.9988135099411011, 17]
[706, 413, 740, 436, 'de', 0.9951844811439514, 17]
[746, 411, 863, 435, 'Recursos', 0.99982088804245, 18]
[870, 413, 991, 436, 'Humanos', 0.9612102508544922, 17]
[996, 416, 1045, 439, 'con', 0.9993317723274231, 17]
[1050, 415, 1076, 438, 'la', 0.9982019662857056, 17]
[111, 450, 276, 473, 'Subsecretaria', 0.9757692217826843, 17]
[282, 450, 320, 475, 'de', 0.9999988079071045, 18]
[326, 453, 480, 476, 'Operaciones-', 0.9809026718139648, 17]
[450, 497, 470, 512, 'H', 0.7509889602661133, 11]
[474, 495, 501, 517, 'A', 0.9986525177955627, 16]
[497, 495, 547, 518, 'CE', 0.9971888661384583, 17]
[583, 489, 745, 521, 'CONSTA', 0.955894410610199, 24]
[742, 493, 765, 517, 'R', 0.995625376701355, 18]
[108, 527, 159, 558, 'Que', 0.9999954700469971, 23]
[173, 534, 207, 557, 'en', 0.9998769760131836, 17]
[219, 527, 247, 557, 'el', 0.9979714751243591, 22]
[262, 532, 343, 555, 'archivo', 0.9722506999969482, 17]
[360, 532, 392, 558, 'de', 0.9951397180557251, 19]
[406, 534, 457, 558, 'esta', 0.9775825142860413, 18]
[476, 535, 624, 563, 'Dependencia,', 0.9565111994743347, 21]
[643, 535, 725, 558, 'existen', 0.9981325268745422, 17]
[743, 537, 893, 560, 'antecedentes', 0.9464877247810364, 17]
[903, 537, 1005, 560, 'laborales', 0.9898366332054138, 17]
[1013, 537, 1045, 563, 'de', 0.9997997879981995, 19]
[1051, 538, 1074, 563, 'la', 0.9993230104446411, 18]
[106, 566, 139, 596, 'C.', 0.9367671012878418, 22]
[145, 571, 298, 594, 'HERNANDEZ', 0.9007383584976196, 17]
[306, 574, 428, 597, 'MENDOZA', 0.9951516389846802, 17]
[434, 575, 491, 599, 'ANA', 0.999943733215332, 18]
[497, 577, 621, 599, 'VICTORIA', 0.9975172281265259, 16]
[629, 580, 671, 599, 'con', 0.9499762058258057, 14]
[677, 575, 750, 599, 'R.F.C.', 0.9303649663925171, 18]
[757, 577, 991, 605, 'HEMA881007-981,', 0.5752776861190796, 21]
[1006, 579, 1074, 608, 'quien', 0.9946485161781311, 21]
[108, 608, 191, 636, 'ingreso', 0.8487191796302795, 21]
[196, 609, 221, 634, 'el', 0.9969364404678345, 18]
[222, 609, 256, 636, '01', 0.9999747276306152, 20]
[259, 611, 293, 637, 'de', 0.9994810223579407, 19]
[295, 613, 372, 642, 'agosto', 0.9993196725845337, 21]
[374, 613, 408, 639, 'de', 0.9999650716781616, 19]
[409, 613, 477, 642, '2013,', 0.9987164735794067, 21]
[480, 616, 600, 644, 'generando', 0.9998592138290405, 21]
[604, 620, 649, 642, 'una', 0.9917020201683044, 16]
[652, 617, 776, 645, 'antiguedad', 0.9119068384170532, 21]
[779, 619, 801, 644, 'a', 0.9643200039863586, 18]
[802, 617, 827, 642, 'la', 0.9994539618492126, 18]
[832, 619, 895, 642, 'fecha', 0.9999289512634277, 17]
[900, 620, 929, 642, 'de', 0.9999079704284668, 16]
[935, 620, 966, 642, '08', 0.9996792078018188, 16]
[971, 617, 1036, 648, 'anos,', 0.9220712780952454, 23]
[1039, 619, 1074, 645, '08', 0.9407722353935242, 19]
[109, 651, 183, 674, 'meses', 0.9950414299964905, 17]
[190, 653, 210, 679, 'y', 0.9646795392036438, 19]
[216, 650, 250, 676, '17', 0.9964815378189087, 19]
[255, 648, 313, 679, 'dias,', 0.9997879862785339, 23]
[321, 654, 394, 678, 'misma', 0.6232333183288574, 18]
[402, 657, 446, 682, 'que', 0.9642316699028015, 18]
[454, 657, 525, 682, 'presta', 0.9998200535774231, 18]
[533, 661, 573, 681, 'sus', 0.9918883442878723, 15]
[583, 661, 677, 679, 'servicios', 0.9732133746147156, 13]
[686, 661, 717, 682, 'en', 0.992911159992218, 15]
[722, 656, 751, 684, 'el', 0.9939723610877991, 21]
[756, 659, 832, 682, 'Centro', 0.9996742010116577, 17]
[841, 661, 872, 682, 'de', 0.9995594620704651, 15]
[881, 661, 979, 684, 'Atencion', 0.7975229620933533, 17]
[988, 659, 1071, 687, 'Infantil', 0.9944548010826111, 21]
[111, 687, 180, 718, '(CAI).', 0.9989129304885864, 23]
[109, 766, 143, 795, 'La', 0.9986588954925537, 21]
[145, 767, 177, 795, 'C.', 0.9541131854057312, 21]
[183, 772, 338, 795, 'HERNANDEZ', 0.9936317801475525, 17]
[344, 773, 467, 797, 'MENDOZA', 0.9984070658683777, 18]
[474, 775, 530, 798, 'ANA', 0.9999430179595947, 17]
[536, 777, 660, 800, 'VICTORIA', 0.9965698719024658, 17]
[666, 789, 682, 803, '*', 0.9934251308441162, 10]
[683, 778, 768, 806, 'percibe', 0.9035735726356506, 21]
[771, 783, 804, 803, 'un', 0.6118049025535583, 15]
[808, 780, 897, 807, 'Ingreso', 0.998514711856842, 20]
[901, 781, 965, 804, 'bruto', 0.9999080896377563, 17]
[971, 783, 1065, 806, 'mensual', 0.9945684671401978, 17]
[111, 806, 146, 834, 'de', 0.9935134053230286, 21]
[145, 807, 281, 837, '$15,049.20', 0.5689021348953247, 22]
[290, 812, 310, 838, 'y', 0.9841169714927673, 19]
[312, 815, 344, 835, 'un', 0.9997751116752625, 15]
[347, 812, 432, 840, 'Ingreso', 0.9996961355209351, 21]
[436, 814, 487, 837, 'neto', 0.9998995065689087, 17]
[488, 812, 584, 840, 'mensual', 0.902237594127655, 21]
[587, 817, 618, 838, 'de', 0.9999575614929199, 15]
[620, 815, 751, 843, '$13,064.20', 0.9991391897201538, 21]
[108, 886, 143, 913, 'Se', 0.9997128844261169, 20]
[152, 889, 250, 913, 'extiende', 0.9146981239318848, 18]
[261, 889, 286, 914, 'la', 0.999853253364563, 18]
[293, 891, 395, 920, 'presente', 0.9993574023246765, 21]
[403, 894, 425, 917, 'a', 0.5957409739494324, 17]
[429, 891, 524, 919, 'solicitud', 0.8787030577659607, 21]
[533, 896, 564, 917, 'de', 0.9999855756759644, 15]
[572, 893, 601, 920, 'la', 0.8229405879974365, 20]
[607, 894, 725, 922, 'interesada', 0.9928978681564331, 21]
[731, 900, 751, 925, 'y', 0.9900400042533875, 18]
[760, 900, 813, 925, 'para', 0.999305009841919, 18]
[825, 900, 859, 923, 'los', 0.998110294342041, 17]
[869, 900, 926, 923, 'fines', 0.9999175071716309, 17]
[937, 906, 982, 928, 'que', 0.998724639415741, 16]
[991, 902, 1068, 931, 'juzgue', 0.9833446145057678, 21]
[108, 930, 256, 953, 'convenientes', 0.8463722467422485, 17]
[259, 934, 292, 954, 'en', 0.9995930790901184, 15]
[295, 931, 321, 954, 'la', 0.9993341565132141, 17]
[324, 931, 400, 956, 'ciudad', 0.8882758617401123, 18]
[403, 931, 436, 958, 'de', 0.998711347579956, 20]
[436, 933, 521, 961, 'Xalapa,', 0.9994939565658569, 21]
[524, 933, 584, 962, 'Ver.,', 0.6512318849563599, 21]
[583, 936, 606, 961, 'a', 0.9844145774841309, 18]
[606, 934, 643, 959, 'los', 0.9116993546485901, 18]
[644, 934, 750, 962, 'dieciocho', 0.9950727820396423, 21]
[753, 936, 801, 962, 'dias', 0.9973540306091309, 19]
[804, 937, 842, 962, 'del', 0.9960570335388184, 18]
[846, 944, 893, 962, 'mes', 0.9765037894248962, 13]
[900, 942, 931, 964, 'de', 0.9998559951782227, 16]
[934, 940, 989, 965, 'Abril', 0.9993489384651184, 18]
[991, 940, 1025, 967, 'de', 0.9987541437149048, 20]
[1026, 942, 1070, 967, 'dos', 0.9976945519447327, 18]
[105, 968, 143, 993, 'mil', 0.552910327911377, 18]
[145, 968, 258, 996, 'veintidos.', 0.9559706449508667, 21]
[80, 1159, 182, 1193, 'GOBIERNO', 0.9918803572654724, 25]
[177, 1160, 217, 1188, 'DE', 0.4451431930065155, 21]
[213, 1157, 290, 1186, 'ESTADO', 0.9957063794136047, 21]
[287, 1159, 315, 1182, 'DE', 0.9297364950180054, 17]
[120, 1179, 224, 1213, 'VERACRUZ-', 0.9315034747123718, 25]
[211, 1179, 278, 1208, '-LLAVE', 0.5232198238372803, 21]
[84, 1202, 205, 1236, 'SURSECNITARAL', 0.3004235625267029, 25]
[197, 1205, 221, 1228, 'DE', 0.5452589392662048, 17]
[219, 1200, 315, 1228, 'OPERADONES', 0.542121946811676, 21]
[109, 1219, 269, 1258, 'SUSDELEGACION', 0.7873293161392212, 29]
[262, 1222, 292, 1250, 'DE', 0.984003484249115, 21]
[94, 1250, 205, 1279, 'RECURSOS', 0.871123194694519, 21]
[204, 1247, 312, 1276, 'HUMANOS', 0.9074011445045471, 21]
[115, 1319, 146, 1338, '1', 0.5512992739677429, 14]
[143, 1316, 230, 1350, 'voxag', 0.5906091928482056, 25]
[97, 1403, 199, 1437, 'CP.91000,', 0.748041570186615, 25]
[190, 1412, 239, 1437, 'Zona', 0.9996885061264038, 18]
[238, 1414, 304, 1439, 'Centro,', 0.9889468550682068, 18]
[303, 1415, 368, 1440, 'Xalapa,', 0.9518122673034668, 18]
[368, 1418, 443, 1437, 'Veracruz', 0.9240853190422058, 14]
[101, 1429, 159, 1454, 'TORRE', 0.9361196160316467, 18]
[156, 1432, 241, 1462, 'CENTRAL,', 0.9371684789657593, 22]
[238, 1439, 312, 1462, 'Leandro', 0.9881854057312012, 17]
[310, 1439, 358, 1463, 'Valle', 0.8505653738975525, 18]
[354, 1442, 392, 1466, 'esq', 0.753870964050293, 18]
[394, 1440, 471, 1465, 'Zaragora', 0.5965104103088379, 18]
[100, 1453, 142, 1479, 'TEL', 0.6222632527351379, 19]
[137, 1454, 176, 1480, '228', 0.9711758494377136, 19]
[174, 1460, 208, 1483, '141', 0.9666057825088501, 17]
[207, 1462, 256, 1487, '3800,', 0.9864504337310791, 18]
[252, 1462, 289, 1487, 'Ext', 0.6130876541137695, 18]
[290, 1463, 337, 1488, '3008', 0.9980593323707581, 18]
[97, 1474, 347, 1519, '"smigndN', 0.22496533393859863, 33]
[975, 1409, 1006, 1439, 'o', 0.8158695101737976, 22]
[972, 1479, 1008, 1519, '6', 0.4923669993877411, 30]
[960, 1436, 1057, 1528, '89', 0.44438087940216064, 69]
[968, 1386, 1101, 1536, '3', 0.5556459426879883, 112]
