[201, 272, 227, 294, 'La', 0.9712346196174622, 16]
[227, 274, 315, 292, 'resolucion', 0.9775257706642151, 13]
[317, 272, 344, 294, 'de', 0.9975579977035522, 16]
[344, 274, 442, 297, 'aprobacion', 0.9212579131126404, 17]
[442, 272, 470, 294, 'de', 0.9998718500137329, 16]
[468, 277, 538, 294, 'examen', 0.9966133236885071, 12]
[538, 277, 562, 294, 'se', 0.9992876648902893, 12]
[562, 274, 644, 292, 'establece', 0.9814454913139343, 13]
[644, 272, 686, 297, 'bajo', 0.9998351335525513, 18]
[685, 271, 717, 297, 'los', 0.9983199238777161, 19]
[716, 274, 804, 297, 'siguientes', 0.99601811170578, 17]
[804, 274, 900, 292, 'veredictos:', 0.8975677490234375, 13]
[576, 353, 652, 376, 'Mayoria', 0.9999340772628784, 17]
[576, 428, 688, 447, 'Unanimidad', 0.985870897769928, 14]
[573, 503, 604, 524, 'Ad', 0.8716869354248047, 15]
[604, 504, 689, 523, 'Honorem', 0.999337375164032, 14]
[576, 580, 621, 602, 'Cum', 0.9984320998191833, 16]
[620, 579, 680, 602, 'Laude', 0.9972079396247864, 17]
[201, 687, 227, 708, 'Lo', 0.9792161583900452, 15]
[227, 688, 298, 707, 'anterior', 0.9981886744499207, 14]
[298, 691, 320, 707, 'es', 0.9998133778572083, 12]
[320, 685, 347, 708, 'asi', 0.9985793828964233, 17]
[347, 688, 372, 708, 'en', 0.9998908042907715, 15]
[371, 685, 426, 708, 'virtud', 0.9943506121635437, 17]
[425, 687, 453, 708, 'de', 0.9989689588546753, 15]
[451, 685, 473, 708, 'lo', 0.9996411800384521, 17]
[473, 688, 572, 707, 'establecido', 0.9116807579994202, 14]
[572, 688, 609, 713, 'por', 0.9997596144676208, 18]
[606, 685, 634, 708, 'los', 0.9999934434890747, 17]
[635, 688, 709, 707, 'articulos', 0.994758665561676, 14]
[711, 688, 740, 710, '10,', 0.9999265670776367, 16]
[739, 687, 782, 713, '11y', 0.6328978538513184, 19]
[776, 687, 802, 710, '12', 0.999133288860321, 17]
[801, 687, 832, 708, 'del', 0.9997588992118835, 15]
[832, 685, 938, 713, 'Reglamento', 0.9999526739120483, 21]
[938, 688, 1006, 707, 'General', 0.9935269355773926, 14]
[1006, 687, 1033, 708, 'de', 0.9874019026756287, 15]
[1033, 688, 1118, 707, 'Titulacion', 0.9088017344474792, 14]
[201, 710, 227, 733, 'de', 0.9999990463256836, 17]
[225, 712, 247, 733, 'la', 0.9991044402122498, 15]
[252, 713, 351, 732, 'Benemérita', 0.9824870228767395, 14]
[354, 713, 454, 732, 'Universidad', 0.9900512099266052, 14]
[462, 713, 550, 732, 'Autonoma', 0.6163401007652283, 14]
[552, 712, 578, 733, 'de', 0.9999943971633911, 15]
[581, 712, 649, 736, 'Puebla,', 0.9921731948852539, 18]
[648, 712, 677, 733, 'asi', 0.9998053908348083, 15]
[675, 715, 728, 733, 'como', 0.9965775609016418, 13]
[734, 712, 767, 738, '98,', 0.9993869066238403, 19]
[764, 713, 795, 735, '99,', 0.9999254941940308, 16]
[791, 712, 832, 736, '100', 0.4617159068584442, 18]
[824, 713, 844, 736, 'y', 0.8215311765670776, 17]
[839, 710, 877, 735, '101', 0.9998483657836914, 18]
[875, 712, 906, 733, 'del', 0.9950613379478455, 15]
[912, 715, 1013, 733, 'Reglamento', 0.6243876218795776, 13]
[1020, 713, 1087, 732, 'General', 0.8361673951148987, 14]
[1087, 712, 1113, 733, 'de', 0.9986853003501892, 15]
[204, 738, 276, 756, 'Estudios', 0.9986124038696289, 13]
[276, 736, 303, 758, 'de', 0.9997788071632385, 16]
[303, 738, 386, 761, 'Posgrado', 0.9547305107116699, 17]
[386, 736, 412, 758, 'de', 0.9999969005584717, 16]
[411, 736, 431, 760, 'la', 0.9999457597732544, 18]
[433, 739, 532, 756, 'Benemérita', 0.9933744072914124, 12]
[535, 738, 635, 756, 'Universidad', 0.9985812902450562, 13]
[637, 738, 726, 756, 'Autônoma', 0.5505245327949524, 13]
[728, 736, 754, 758, 'de', 0.9999921321868896, 16]
[753, 736, 822, 760, 'Puebla.', 0.998927652835846, 18]
