[688, 155, 717, 182, 'Els', 0.9945758581161499, 20]
[709, 157, 773, 180, 'suscrito', 0.5914444923400879, 17]
[769, 157, 827, 180, 'Oficial', 0.9540562033653259, 17]
[825, 159, 880, 182, 'Mayor', 0.9976836442947388, 17]
[876, 155, 903, 182, 'de', 0.9853734970092773, 20]
[899, 157, 920, 180, 'la', 0.7719444036483765, 17]
[916, 157, 1011, 180, 'Universidad', 0.9813808798789978, 17]
[1009, 157, 1106, 180, 'Veracruzana', 0.9989107847213745, 17]
[1103, 157, 1170, 180, 'certifica', 0.9854615926742554, 17]
[1168, 159, 1196, 178, 'los', 0.9996209144592285, 14]
[1192, 159, 1260, 180, 'estudios', 0.9961666464805603, 15]
[1256, 157, 1287, 182, 'de:', 0.9992824196815491, 18]
[690, 182, 754, 205, 'Daniela', 0.5788072943687439, 17]
[750, 182, 808, 205, 'Ivonne', 0.988987147808075, 17]
[804, 184, 856, 209, 'Reyes', 0.9986878037452698, 18]
[852, 184, 903, 207, 'Platas', 0.9998683929443359, 17]
[690, 209, 746, 231, 'Titulo:', 0.9944548010826111, 16]
[744, 209, 829, 231, 'Licenciada', 0.9992603659629822, 16]
[827, 213, 851, 231, 'en', 0.9864313006401062, 13]
[847, 207, 932, 236, 'Psicologia', 0.9800295233726501, 21]
[690, 231, 796, 254, 'Nacionalidad:', 0.9423637986183167, 17]
[794, 231, 872, 254, 'Mexiçana', 0.6406692266464233, 17]
[690, 258, 742, 283, 'Fecha)', 0.3103393614292145, 18]
[736, 260, 754, 281, 'y', 0.9429643750190735, 15]
[750, 258, 796, 283, 'lugar', 0.6396219730377197, 18]
[792, 258, 816, 279, 'de', 0.9957495927810669, 15]
[814, 258, 907, 279, 'nacimiento:', 0.791749119758606, 15]
[905, 258, 996, 281, '11/07/1992,', 0.9044423699378967, 17]
[994, 258, 1056, 281, 'Xalapa,', 0.9918571710586548, 17]
[1054, 258, 1126, 281, 'Veracruz', 0.5902059674263, 17]
[692, 285, 790, 308, 'Bachillerato:', 0.9869150519371033, 17]
[792, 285, 856, 308, 'Ricardo)', 0.5473186373710632, 17]
[852, 285, 905, 308, 'Flores', 0.9905737042427063, 17]
[901, 283, 961, 312, 'Magôn', 0.9547217488288879, 21]
[690, 310, 732, 335, 'Tipo', 0.998554527759552, 18]
[726, 308, 754, 335, 'de', 0.6209325194358826, 20]
[750, 310, 837, 333, 'Institucion:', 0.8387914896011353, 17]
[835, 310, 891, 333, 'Estatal', 0.6317583322525024, 17]
[690, 333, 754, 357, 'Entidad', 0.5235837697982788, 18]
[750, 333, 837, 357, 'Federativa:', 0.9903247356414795, 18]
[837, 335, 909, 359, 'Veracruz', 0.9693785309791565, 18]
[690, 359, 757, 382, 'Periodo:', 0.9876603484153748, 17]
[757, 359, 843, 380, '2007-2010', 0.9994439482688904, 15]
[690, 390, 756, 413, 'Carrera:', 0.9662885665893555, 17]
[754, 390, 839, 413, 'Licenciada', 0.8675302267074585, 17]
[835, 394, 860, 413, 'en', 0.9989557266235352, 14]
[858, 392, 938, 415, 'Psicologia', 0.8931645750999451, 17]
[688, 421, 732, 446, 'Tipo', 0.9935170412063599, 18]
[728, 421, 752, 442, 'de', 0.9985727071762085, 15]
[750, 421, 839, 444, 'Institucion:', 0.8618183732032776, 17]
[837, 421, 918, 444, 'Autônoma', 0.5808166861534119, 17]
[690, 442, 754, 463, 'Entidad', 0.8669672012329102, 15]
[750, 442, 837, 463, 'Federativa:', 0.7271573543548584, 15]
[837, 444, 909, 465, 'Veracruz.', 0.6630145907402039, 15]
[690, 469, 757, 490, 'Periodo:', 0.9939828515052795, 15]
[756, 469, 841, 490, '2010-2017', 0.9868872761726379, 15]
[690, 492, 756, 516, 'Examen', 0.9574258327484131, 18]
[754, 494, 839, 518, 'profesional', 0.9718459844589233, 18]
[837, 494, 854, 516, '0', 0.5909823775291443, 16]
[852, 494, 945, 518, 'equivalente:', 0.9984851479530334, 18]
[945, 494, 973, 514, 'No', 0.9721372127532959, 15]
[971, 494, 1039, 518, 'requisito', 0.9968223571777344, 18]
[1037, 492, 1071, 516, 'UV', 0.9989984631538391, 18]
[690, 533, 759, 556, 'Cumplio', 0.7169676423072815, 17]
[756, 533, 792, 556, 'con', 0.9855777621269226, 17]
[787, 535, 810, 554, 'su', 0.9968776702880859, 14]
[808, 531, 876, 554, 'Servicio', 0.9744969606399536, 17]
[872, 531, 924, 554, 'Social', 0.9698128700256348, 17]
[922, 533, 998, 554, 'conforme', 0.9612815380096436, 15]
[992, 535, 1009, 554, 'a', 0.9994798302650452, 14]
[1006, 531, 1035, 556, 'las', 0.9993728995323181, 18]
[1033, 533, 1134, 556, 'disposiciones', 0.8188738822937012, 17]
[1134, 533, 1188, 556, 'legales', 0.9947232007980347, 17]
[1186, 533, 1260, 556, 'relativas.', 0.9972212314605713, 17]
[690, 595, 750, 626, 'Alpa', 0.2834192216396332, 23]
[746, 595, 777, 622, 'de', 0.9078704714775085, 20]
[775, 597, 854, 626, 'Enriquez,', 0.6717369556427002, 21]
[858, 599, 932, 622, 'Vfacruz,', 0.5413219332695007, 17]
[928, 599, 996, 622, 'México,', 0.8708605766296387, 17]
[990, 601, 1009, 620, 'a', 0.9051267504692078, 14]
[1004, 599, 1023, 620, '5', 0.9328485727310181, 15]
[1015, 597, 1044, 622, 'de', 0.9989444613456726, 18]
[1039, 597, 1079, 620, 'abril', 0.9603942632675171, 17]
[1075, 595, 1103, 622, 'de', 0.9939070343971252, 20]
[1099, 601, 1139, 618, '2017', 0.9990013241767883, 12]
[440, 593, 540, 614, 'WSIVERSTOD', 0.3503897190093994, 15]
[445, 704, 463, 723, 'S', 0.3054935336112976, 14]
[403, 719, 509, 754, 'Oficialia', 0.9923376441001892, 26]
[507, 721, 593, 758, 'Mayor', 0.9461897611618042, 27]
[376, 847, 469, 868, 'SUBSECRETARIAT', 0.6405072808265686, 15]
[461, 849, 486, 866, 'DEF', 0.9488747715950012, 12]
[478, 847, 554, 868, 'EDUCACIONS', 0.9406567811965942, 15]
[548, 849, 606, 865, 'SUPERIOR', 0.99679034948349, 12]
[383, 861, 455, 882, 'DIRECCION', 0.9926342368125916, 15]
[447, 861, 507, 882, 'GENERAL', 0.9837514758110046, 15]
[504, 861, 525, 880, 'DET', 0.6225549578666687, 14]
[519, 859, 599, 880, 'PROFESIONES', 0.7439563274383545, 15]
[383, 903, 420, 921, 'IBRO', 0.9931784868240356, 13]
[455, 899, 480, 917, '105', 0.9255157113075256, 13]
[376, 915, 426, 938, 'FOJAS', 0.8828016519546509, 17]
[455, 913, 482, 932, '171', 0.966147243976593, 14]
[376, 929, 441, 952, 'NUMERO', 0.9905766248703003, 17]
[376, 944, 436, 965, 'CÉDULAN', 0.9618886709213257, 15]
[432, 946, 455, 963, 'No.', 0.814089298248291, 12]
[449, 938, 509, 967, '10545062', 0.6738461256027222, 21]
[379, 958, 428, 981, 'FECHA:', 0.8428399562835693, 17]
[440, 960, 488, 975, '/07/2017', 0.8707109689712524, 11]
[389, 971, 502, 994, 'HTN', 0.18108347058296204, 17]
[405, 987, 490, 1010, '10543062', 0.9995081424713135, 17]
[395, 1020, 589, 1062, 'MTGGTON', 0.2515464723110199, 31]
[434, 1043, 552, 1072, 'ELREGISIRADOR', 0.5296989679336548, 21]
[201, 835, 261, 868, 'SEP', 0.9994966983795166, 24]
[178, 863, 279, 899, 'mciCA', 0.14387042820453644, 27]
[158, 1062, 197, 1086, 'Parac', 0.9063235521316528, 18]
[188, 1062, 248, 1084, 'consultare', 0.757774829864502, 16]
[242, 1064, 273, 1082, 'esta', 0.9962345957756042, 13]
[271, 1062, 312, 1080, 'cédulap', 0.8358290791511536, 13]
[308, 1060, 376, 1082, 'profesional,', 0.5456700921058655, 16]
[370, 1058, 409, 1082, 'visitel', 0.8084172010421753, 18]
[401, 1058, 461, 1082, 'lapaginae', 0.5772363543510437, 18]
[455, 1060, 476, 1078, 'eni', 0.9958641529083252, 13]
[473, 1060, 523, 1080, 'internet', 0.638973593711853, 15]
[158, 1076, 226, 1099, 'http.lwww.', 0.49514493346214294, 17]
[221, 1076, 323, 1097, 'cedulaprofesional:', 0.5011551976203918, 15]
[319, 1078, 345, 1095, 'sep.', 0.6971118450164795, 12]
[339, 1074, 391, 1097, 'gobmx', 0.75229811668396, 17]
[160, 1089, 197, 1113, 'Sello', 0.9019180536270142, 18]
[193, 1093, 234, 1111, 'digitalo', 0.5629510879516602, 13]
[222, 1086, 490, 1113, '-', 0.35591575503349304, 20]
[164, 1107, 211, 1124, 'Cadena', 0.9768134355545044, 12]
[209, 1107, 253, 1124, 'original:', 0.8271432518959045, 12]
[250, 1105, 312, 1126, 'DANIELAI', 0.9016793370246887, 15]
[304, 1103, 360, 1124, 'IVONNEF', 0.5572381019592285, 15]
[354, 1101, 405, 1124, 'REYES', 0.5315753817558289, 17]
[397, 1101, 511, 1124, 'PLATAS/171/1053', 0.4781332015991211, 17]
[1145, 1824, 1201, 1865, 'No:', 0.5651870369911194, 30]
[1203, 1826, 1300, 1863, '156801', 0.5674048662185669, 27]
[1252, 1886, 1304, 1919, 'UV', 0.9659532904624939, 24]
