[560, 44, 651, 83, 'UNIDOS', 0.7000395655632019, 29]
[522, 77, 551, 107, '0', 0.8203986287117004, 22]
[305, 351, 352, 383, 'EL', 0.9996583461761475, 24]
[360, 353, 532, 380, 'GOBIERNO', 0.9995711445808411, 20]
[540, 351, 608, 381, 'DEL', 0.9999309778213501, 22]
[614, 353, 747, 380, 'ESTADO', 0.9090753197669983, 20]
[755, 350, 805, 381, 'DE', 0.9990205764770508, 23]
[811, 351, 988, 378, 'VERACRUZ', 0.9947669506072998, 20]
[458, 388, 508, 419, 'DE', 0.9999023675918579, 23]
[513, 389, 651, 418, 'IGNACIO', 0.9979091286659241, 21]
[657, 388, 707, 419, 'DE', 0.9999150037765503, 23]
[710, 388, 755, 418, 'LA', 0.8960053324699402, 22]
[764, 389, 870, 416, 'LLAVE', 0.9987861514091492, 20]
[510, 483, 731, 525, 'OTORGAA', 0.998950719833374, 31]
[395, 590, 542, 624, 'JASIBE', 0.9999481439590454, 25]
[551, 589, 713, 622, 'MYRIAM', 0.9425610899925232, 24]
[722, 589, 872, 622, 'JAIMES', 0.9997275471687317, 24]
[885, 587, 1079, 621, 'SANCHEZ', 0.9997060894966125, 25]
[486, 724, 516, 752, 'EL', 0.9997311234474182, 21]
[522, 702, 684, 752, 'TITULO', 0.9981281161308289, 37]
[693, 725, 728, 752, 'DE', 0.999832272529602, 20]
[160, 767, 189, 786, 'Dd', 0.3714618384838104, 14]
[358, 784, 542, 807, 'LICENCIADA', 0.9962103366851807, 17]
[552, 780, 601, 810, 'EN', 0.9990547299385071, 22]
[607, 777, 794, 808, 'EDUCACION', 0.9947010278701782, 23]
[803, 783, 953, 805, 'ESPECIAL', 0.9996077418327332, 16]
[445, 814, 490, 840, 'EN', 0.9993078708648682, 19]
[495, 811, 537, 843, 'EL', 0.9995463490486145, 24]
[542, 808, 638, 842, 'AREA:', 0.9990177154541016, 25]
[652, 814, 858, 837, 'NTELECTUAL', 0.9965745210647583, 17]
[436, 884, 473, 908, 'EN', 0.9575283527374268, 18]
[472, 882, 558, 910, 'VIRTUD', 0.9984194040298462, 21]
[563, 885, 596, 908, 'DE', 0.9994200468063354, 17]
[598, 884, 651, 908, 'QUE', 0.9295545816421509, 18]
[654, 879, 764, 908, 'CUMPLIO', 0.9967580437660217, 21]
[767, 884, 803, 908, 'EN', 0.9916419982910156, 18]
[811, 881, 846, 907, 'LA', 0.9994086027145386, 19]
[411, 960, 578, 993, '"ENRIQUE', 0.9759312272071838, 24]
[582, 961, 616, 991, 'C.', 0.9792395830154419, 22]
[625, 957, 829, 990, 'REBSAMEN"', 0.5183476209640503, 24]
[103, 895, 193, 913, 'EDUCATIVO', 0.9992282390594482, 13]
[153, 879, 222, 896, 'SISTEMA', 0.9934258460998535, 12]
[192, 895, 274, 913, 'NACIONAL', 0.9380397200584412, 13]
[145, 910, 233, 928, 'VERACRUZ', 0.9993209838867188, 13]
[290, 926, 469, 958, 'BENEMÉRITA', 0.9508181214332581, 24]
[473, 932, 599, 955, 'ESCUELA', 0.9948731064796448, 17]
[605, 932, 720, 955, 'NORMAL', 0.9886731505393982, 17]
[729, 931, 931, 954, 'VERACRUZANA', 0.9939826130867004, 17]
[240, 1029, 301, 1054, 'CON', 0.9982249140739441, 18]
[305, 1028, 337, 1054, 'EL', 0.9976211190223694, 19]
[340, 1029, 404, 1054, 'PLAN', 0.9882043600082397, 18]
[407, 1028, 428, 1054, 'Y', 0.9979881048202515, 19]
[434, 1029, 588, 1052, 'PROGRAMAS', 0.9860435724258423, 17]
[595, 1028, 629, 1054, 'DE', 0.9999721050262451, 19]
[635, 1029, 729, 1052, 'ESTUDIO', 0.9950650334358215, 17]
[738, 1029, 903, 1052, 'AUTORIZADOS', 0.5416260361671448, 17]
[911, 1029, 962, 1054, 'POR', 0.9997884631156921, 18]
[967, 1028, 1002, 1054, 'LA', 0.9989268183708191, 19]
[239, 1054, 380, 1082, 'SECRETARIA', 0.9802982211112976, 21]
[398, 1057, 433, 1082, 'DE', 0.9997138381004333, 18]
[449, 1054, 598, 1082, 'EDUCACION', 0.895435094833374, 21]
[610, 1054, 710, 1082, 'PUBLICA', 0.9973517656326294, 21]
[717, 1057, 738, 1082, 'Y', 0.9992963075637817, 18]
[746, 1054, 850, 1082, 'APROBO', 0.999599277973175, 21]
[861, 1057, 893, 1084, 'EL', 0.9957922697067261, 20]
[900, 1058, 999, 1081, 'EXAMEN', 0.9973660111427307, 17]
[242, 1087, 401, 1110, 'PROFESIONAL', 0.9964902997016907, 17]
[407, 1087, 611, 1110, 'REGLAMENTARIO.', 0.7681687474250793, 17]
[172, 1199, 289, 1222, 'EXPEDIDO', 0.9905619025230408, 17]
[292, 1199, 328, 1223, 'EN', 0.9885246157646179, 18]
[343, 1193, 448, 1220, 'XALAPA,', 0.9996405839920044, 20]
[454, 1193, 587, 1215, 'VERACRUZ', 0.9979000091552734, 16]
[590, 1191, 629, 1217, 'DE', 0.9992191791534424, 19]
[632, 1193, 734, 1215, 'IGNACIO', 0.9783963561058044, 16]
[738, 1190, 778, 1215, 'DE', 0.9998432397842407, 18]
[778, 1190, 812, 1215, 'LA', 0.9994165897369385, 18]
[814, 1190, 897, 1217, 'LLAVE,', 0.9996180534362793, 20]
[169, 1246, 201, 1271, 'AL', 0.6294182538986206, 18]
[193, 1246, 245, 1273, 'LOS', 0.999358594417572, 20]
[275, 1246, 377, 1268, 'TREINTA', 0.9997995495796204, 16]
[616, 1241, 672, 1271, 'DIAS', 0.9791065454483032, 22]
[676, 1247, 722, 1271, 'DEL', 0.9976488947868347, 18]
[723, 1247, 773, 1271, 'MES', 0.9994383454322815, 18]
[776, 1246, 811, 1271, 'DE', 0.9998626708984375, 18]
[862, 1241, 1009, 1264, 'NOVIEMBRE', 0.9987940788269043, 17]
[257, 1291, 308, 1315, 'DEL', 0.9970312118530273, 18]
[311, 1291, 367, 1315, 'DOS', 0.9995797276496887, 18]
[371, 1291, 414, 1315, 'MIL', 0.9991897940635681, 18]
[416, 1291, 493, 1314, 'DOCE.', 0.9993829727172852, 17]
[60, 1433, 166, 1456, 'ARTURO', 0.9993084669113159, 17]
[169, 1429, 316, 1462, 'FRANCISCO', 0.6660228967666626, 24]
[319, 1427, 463, 1456, 'GUTIÉRREZ', 0.6993538737297058, 21]
[464, 1427, 593, 1455, 'GONGORA', 0.9899393916130066, 21]
[81, 1476, 183, 1503, 'DIRECTOR', 0.8493157029151917, 20]
[183, 1479, 272, 1497, 'GENERAL', 0.9998999834060669, 13]
[274, 1477, 305, 1497, 'DE', 0.9972739815711975, 15]
[302, 1477, 333, 1497, 'LA', 0.9996168613433838, 15]
[334, 1477, 405, 1496, 'UNIDAD', 0.9934561848640442, 14]
[407, 1476, 440, 1499, 'DE', 0.9986013770103455, 17]
[439, 1474, 564, 1497, 'PLANEACION,', 0.8556616306304932, 17]
[162, 1496, 287, 1518, 'EVALUACION', 0.9714379906654358, 16]
[286, 1497, 307, 1518, 'Y', 0.6586344242095947, 15]
[304, 1499, 395, 1517, 'CONTROL', 0.9408003687858582, 13]
[398, 1497, 505, 1515, 'EDUCATIVO', 0.8893193602561951, 13]
[749, 1427, 858, 1455, 'ADOLFO', 0.968131959438324, 21]
[855, 1424, 937, 1458, 'MOTA', 0.9455034732818604, 25]
[937, 1424, 1094, 1452, 'HERNANDEZ', 0.999482274055481, 21]
[1089, 1430, 1108, 1444, '=', 0.8931666612625122, 10]
[790, 1470, 912, 1492, 'SECRETARIO', 0.9680590033531189, 16]
[911, 1467, 946, 1494, 'DE', 0.8738257884979248, 20]
[941, 1465, 1056, 1492, 'EDUCACION', 0.994320273399353, 20]
[116, 1458, 131, 1479, 'e', 0.6320423483848572, 15]
