[788, 225, 818, 256, '', 0.627525806427002, 23]
[1083, 231, 1110, 262, '6', 0.8909804821014404, 23]
[1035, 283, 1056, 302, 'NI', 0.6083025336265564, 14]
[843, 254, 1042, 283, 'UHIVERETDAI', 0.4845946729183197, 21]
[1029, 256, 1062, 283, 'D', 0.43982675671577454, 20]
[792, 432, 806, 444, 'a', 0.25745001435279846, 9]
[1017, 413, 1046, 440, '9', 0.4207649827003479, 20]
[1021, 432, 1035, 444, '/', 0.9378376603126526, 9]
[924, 467, 936, 479, '-', 0.9515462517738342, 9]
[949, 459, 986, 485, 'AR', 0.47846728563308716, 19]
[977, 454, 1000, 475, 'a', 0.6557209491729736, 15]
[996, 450, 1008, 461, 'a', 0.37952616810798645, 8]
[172, 696, 213, 731, 'La', 0.9999716281890869, 26]
[224, 677, 556, 733, 'Universidad', 0.9737710356712341, 42]
[575, 677, 928, 739, 'Veracruzana', 0.995763897895813, 46]
[189, 740, 224, 764, 'en', 0.8289939761161804, 18]
[221, 740, 261, 764, 'uso', 0.9993661046028137, 18]
[259, 735, 290, 764, 'de', 0.9998399019241333, 21]
[288, 735, 323, 764, 'las', 0.76131272315979, 21]
[323, 739, 443, 762, 'atribuciones', 0.7511172294616699, 17]
[441, 739, 490, 770, 'que', 0.9370368719100952, 23]
[484, 735, 511, 764, 'le', 0.9978426694869995, 21]
[507, 735, 595, 764, 'concede', 0.9784536361694336, 21]
[593, 742, 620, 762, 'su', 0.9985137581825256, 15]
[620, 735, 664, 768, 'Ley', 0.9999104738235474, 24]
[662, 737, 757, 766, 'Orgànica', 0.46763938665390015, 21]
[754, 739, 779, 768, 'y', 0.9943662881851196, 21]
[775, 742, 806, 764, 'en', 0.9396235942840576, 16]
[804, 737, 854, 762, 'vista', 0.9985172152519226, 18]
[854, 737, 885, 764, 'de', 0.9993146657943726, 20]
[880, 739, 928, 770, 'que', 0.9911914467811584, 23]
[358, 834, 513, 870, 'Daniela', 0.6183538436889648, 27]
[523, 835, 661, 870, 'Ivonne', 0.9969832301139832, 26]
[670, 832, 796, 882, 'Reyes', 0.9999685287475586, 37]
[804, 835, 926, 870, 'Platas', 0.9909107089042664, 26]
[409, 952, 492, 983, 'cumplio', 0.8567013740539551, 23]
[492, 956, 535, 979, 'con', 0.996584415435791, 17]
[533, 952, 567, 979, 'los', 0.8491822481155396, 20]
[567, 954, 666, 983, 'requisitos', 0.9952457547187805, 21]
[666, 952, 754, 983, 'exigidos', 0.9979459643363953, 23]
[754, 958, 796, 987, 'por', 0.998908519744873, 21]
[790, 952, 816, 981, 'la', 0.9975665807723999, 21]
[816, 954, 922, 983, 'legislacion', 0.9687080979347229, 21]
[641, 985, 806, 1014, 'correspondiente,', 0.9854313135147095, 21]
[808, 987, 829, 1010, 'le', 0.9999586343765259, 17]
[829, 985, 901, 1016, 'expide', 0.9767001271247864, 23]
[897, 985, 924, 1012, 'el', 0.9958072900772095, 20]
[631, 1039, 719, 1070, 'TITULO', 0.8133622407913208, 23]
[719, 1043, 752, 1070, 'de', 0.9999761581420898, 20]
[754, 1045, 891, 1068, 'LICENCIADA', 0.9663442969322205, 17]
[891, 1051, 922, 1072, 'en', 0.9563146829605103, 15]
[697, 1086, 924, 1120, 'PSICOLOGIA', 0.9809577465057373, 25]
[253, 1179, 281, 1210, 'yI', 0.6168195605278015, 23]
[271, 1179, 317, 1210, 'por', 0.9635204076766968, 23]
[314, 1179, 372, 1202, 'haber', 0.9913671612739563, 17]
[374, 1179, 473, 1202, 'satisfecho', 0.9544988870620728, 17]
[473, 1177, 500, 1204, 'la', 0.9729440808296204, 20]
[500, 1179, 602, 1202, 'modalidad', 0.9869771599769592, 17]
[606, 1181, 707, 1202, 'estatutaria', 0.9993293285369873, 15]
[709, 1179, 792, 1208, 'relativa,', 0.9993550181388855, 21]
[790, 1181, 821, 1206, 'se', 0.9992770552635193, 18]
[818, 1177, 845, 1206, 'le', 0.9986072182655334, 21]
[843, 1181, 926, 1204, 'concede', 0.7910735607147217, 17]
[602, 1245, 738, 1274, 'MENCION', 0.9925482869148254, 21]
[742, 1245, 924, 1274, 'HONORIFICA', 0.9720447063446045, 21]
[564, 1326, 610, 1357, '"Lis', 0.7661132216453552, 23]
[608, 1330, 641, 1355, 'de', 0.6728389859199524, 18]
[639, 1332, 736, 1355, 'Veracruz:', 0.9968583583831787, 17]
[738, 1330, 790, 1355, 'Arte,', 0.9984099864959717, 18]
[796, 1332, 876, 1355, 'Ciencia,', 0.9995273351669312, 17]
[876, 1326, 926, 1357, 'Luz"', 0.9977845549583435, 23]
[418, 1363, 480, 1392, 'Xalapa', 0.9988088607788086, 21]
[484, 1367, 511, 1386, 'de', 0.9850643277168274, 14]
[517, 1367, 595, 1390, 'Enriquez,', 0.9986861348152161, 17]
[602, 1365, 684, 1388, 'Veracruz,', 0.9900059103965759, 17]
[684, 1367, 752, 1390, 'México,', 0.990780770778656, 17]
[750, 1367, 769, 1388, 'a', 0.8412145376205444, 15]
[763, 1365, 783, 1388, '5', 0.9996740818023682, 17]
[781, 1365, 810, 1390, 'de', 0.9996836185455322, 18]
[806, 1365, 851, 1388, 'abril', 0.9960370659828186, 17]
[847, 1365, 878, 1390, 'de', 0.9987194538116455, 18]
[874, 1365, 922, 1390, '2017', 0.9999194145202637, 18]
[1040, 1522, 1174, 1559, 'CRA', 0.45942118763923645, 27]
[928, 1590, 978, 1615, 'Dra.', 0.9990324974060059, 18]
[982, 1590, 1029, 1615, 'Sara', 0.999886155128479, 18]
[1033, 1590, 1064, 1617, 'D.', 0.9967922568321228, 20]
[1066, 1588, 1143, 1617, 'Ladrôn', 0.8342599272727966, 21]
[1145, 1588, 1178, 1617, 'de', 0.9999916553497314, 21]
[1182, 1591, 1269, 1615, 'Guevara', 0.999351441860199, 18]
[926, 1615, 996, 1638, 'Rectora', 0.9987916350364685, 17]
[926, 1834, 988, 1863, 'Mtra.', 0.992142915725708, 21]
[990, 1832, 1178, 1869, 'Leticia/Rodriguez', 0.9493119120597839, 27]
[1176, 1834, 1265, 1863, 'Audirac', 0.9933248162269592, 21]
[926, 1865, 1013, 1888, 'Secretaria', 0.9998617172241211, 17]
[1017, 1863, 1110, 1892, 'Académica', 0.9670000076293945, 21]
