[61, 26, 97, 40, 'eRP', 0.20311926305294037, 10]
[61, 39, 108, 57, '6o', 0.2719493806362152, 13]
[224, 29, 235, 39, '-', 0.6984959840774536, 7]
[850, 26, 869, 40, '9', 0.7579519152641296, 10]
[813, 42, 822, 51, 'M', 0.5308725237846375, 6]
[841, 40, 873, 54, '5', 0.363737016916275, 10]
[904, 43, 920, 54, 'a', 0.6017150282859802, 8]
[940, 40, 974, 54, '65', 0.44656863808631897, 10]
[318, 39, 368, 57, 'avav', 0.34292465448379517, 13]
[1102, 43, 1113, 53, 'o', 0.9049906134605408, 7]
[835, 104, 884, 127, 'Clave', 0.9982473850250244, 17]
[880, 104, 929, 127, 'Onica', 0.9679171442985535, 17]
[926, 105, 952, 127, 'de', 0.9906699657440186, 16]
[949, 105, 1019, 128, 'Registro', 0.9970531463623047, 17]
[1016, 105, 1040, 127, 'de', 0.9999758005142212, 16]
[1037, 104, 1116, 127, 'Poblaciôn', 0.610848069190979, 17]
[875, 124, 1078, 145, 'ARA0002Z7MVZNN9AL', 0.3823511302471161, 15]
[929, 187, 971, 207, 'Folio', 0.9786965847015381, 15]
[966, 187, 1023, 210, 'Digital', 0.9953741431236267, 17]
[830, 209, 1121, 226, '22127-5972-41a7-8563ael4/datpioe', 0.34011340141296387, 12]
[795, 240, 1155, 257, 'ttps//www.sgedsepgobmx/ttucss/autenticacion/', 0.3214278817176819, 12]
[72, 155, 159, 178, 'Estados', 0.9998809099197388, 17]
[163, 156, 238, 175, 'Unidos', 0.5737030506134033, 14]
[242, 155, 360, 178, 'Mexicanos', 0.6073070168495178, 17]
[72, 179, 185, 203, 'Secretaria', 0.9962732791900635, 18]
[188, 181, 218, 203, 'de', 0.9999364614486694, 16]
[221, 179, 329, 203, 'Educacion', 0.981109619140625, 18]
[334, 179, 412, 203, 'Publica', 0.9539686441421509, 18]
[74, 209, 173, 227, 'Direccion', 0.9998408555984497, 13]
[177, 207, 264, 230, 'General', 0.9477072358131409, 17]
[266, 206, 300, 232, 'de', 0.9849833846092224, 19]
[300, 206, 445, 234, 'Acreditacion,', 0.7056505680084229, 21]
[446, 206, 600, 234, 'Incorporacion', 0.7369487881660461, 21]
[600, 209, 620, 235, 'y', 0.9977928400039673, 19]
[621, 207, 757, 230, 'Revalidacion', 0.7974588871002197, 17]
[74, 235, 194, 255, 'Constancia', 0.9831406474113464, 15]
[197, 234, 227, 255, 'de', 0.9965862035751343, 15]
[230, 232, 382, 255, 'Autenticacion', 0.9903484582901001, 17]
[385, 232, 422, 257, 'del', 0.7042277455329895, 18]
[423, 232, 491, 257, 'Titulo', 0.966320276260376, 18]
[494, 232, 615, 255, 'Electronico', 0.9476389288902283, 17]
[511, 286, 569, 309, 'Datos', 0.9999899864196777, 17]
[567, 286, 597, 308, 'del', 0.9987646341323853, 16]
[598, 288, 709, 311, 'profesionista', 0.9965498447418213, 17]
[567, 346, 662, 365, 'LANDERO', 0.9984809756278992, 14]
[561, 374, 609, 393, 'Primer', 0.9997994303703308, 14]
[609, 376, 665, 394, 'Apellido', 0.6846433281898499, 13]
[163, 345, 244, 368, 'RAQUEL', 0.999962568283081, 17]
[248, 346, 343, 365, 'GIUSEPPA', 0.993513286113739, 14]
[216, 376, 292, 393, 'Nombre(s)', 0.986541748046875, 12]
[928, 346, 1014, 365, 'RENDON', 0.8554441928863525, 14]
[914, 376, 974, 394, 'Segundo', 0.9998369216918945, 13]
[974, 376, 1030, 394, 'Apellido', 0.9909825921058655, 13]
[948, 427, 1017, 444, '515302', 0.9999746084213257, 12]
[900, 455, 941, 473, 'Clave', 0.9977693557739258, 13]
[941, 456, 966, 473, 'del', 0.9449467658996582, 12]
[963, 455, 1002, 475, 'perfil', 0.9893845915794373, 15]
[1000, 456, 1016, 473, 'o', 0.4861094355583191, 12]
[1013, 456, 1065, 473, 'carrera', 0.9995431900024414, 12]
[270, 428, 402, 446, 'LICENCIATURA', 0.8760741353034973, 13]
[403, 427, 433, 447, 'EN', 0.9838672876358032, 15]
[433, 424, 535, 447, 'INGENIERIA', 0.9916732907295227, 17]
[535, 424, 618, 452, 'QUIMICA', 0.9906361699104309, 21]
[354, 455, 411, 472, 'Nombre', 0.9976955056190491, 12]
[411, 456, 436, 473, 'del', 0.9945158362388611, 12]
[434, 455, 471, 475, 'perfil', 0.9925925135612488, 15]
[470, 456, 485, 473, '0', 0.4779747426509857, 12]
[482, 456, 535, 473, 'carrera', 0.9994018077850342, 12]
[516, 510, 570, 529, 'Datos', 0.9472764730453491, 14]
[570, 509, 597, 531, 'de', 0.996795117855072, 16]
[597, 510, 614, 529, 'la', 0.9988304972648621, 14]
[615, 507, 708, 531, 'institucion', 0.9892701506614685, 18]
[502, 565, 623, 582, 'UNIVERSIDAD', 0.9124050140380859, 12]
[626, 560, 722, 583, 'ANAHUAC', 0.9738170504570007, 17]
[581, 592, 641, 611, 'Nombre', 0.9797429442405701, 14]
[507, 642, 592, 661, 'DECRETO', 0.998595654964447, 14]
[592, 640, 719, 662, 'PRESIDENCIAL', 0.9742151498794556, 16]
[490, 725, 545, 750, 'Lugar', 0.9987660646438599, 18]
[544, 729, 561, 747, 'yi', 0.7846017479896545, 13]
[555, 724, 610, 747, 'fecha', 0.9999276399612427, 17]
[609, 724, 635, 747, 'de', 0.9999990463256836, 17]
[635, 725, 730, 749, 'expedicion', 0.9528598189353943, 18]
[354, 670, 412, 688, 'Numero', 0.9904758334159851, 13]
[411, 670, 437, 690, 'del', 0.9996931552886963, 15]
[434, 670, 494, 688, 'Acuerdo', 0.9982002973556519, 13]
[491, 670, 515, 690, 'de', 0.9755532741546631, 15]
[513, 671, 623, 688, 'Reconocimiento', 0.9256067276000977, 12]
[620, 670, 644, 690, 'de', 0.919356107711792, 15]
[640, 671, 694, 688, 'Validez', 0.71027672290802, 12]
[691, 671, 740, 688, 'Oficial', 0.9948698282241821, 12]
[736, 670, 760, 690, 'de', 0.9839044809341431, 15]
[757, 671, 869, 690, 'Estudios(RVOE)', 0.8102788329124451, 14]
[182, 778, 279, 797, 'VERACRUZ', 0.999589741230011, 14]
[281, 777, 309, 798, 'DE', 0.9999517202377319, 15]
[310, 778, 389, 797, 'IGNACIO', 0.9936978220939636, 14]
[389, 777, 417, 798, 'DE', 0.9999204874038696, 15]
[417, 777, 445, 798, 'LA', 0.9732903838157654, 15]
[445, 778, 501, 797, 'LLAVE', 0.9979277849197388, 14]
[827, 778, 934, 797, '2023-09-27', 0.9990630745887756, 14]
[858, 806, 903, 824, 'Fecha', 0.9997473359107971, 13]
[315, 807, 369, 824, 'Entidad', 0.9895563721656799, 12]
[485, 863, 603, 886, 'Responsables', 0.9557217955589294, 17]
[603, 863, 629, 885, 'de', 0.999962329864502, 16]
[627, 862, 648, 885, 'la', 0.9995131492614746, 17]
[646, 862, 740, 885, 'institucion', 0.7186890244483948, 17]
[482, 911, 558, 930, 'RECTOR.', 0.9957647323608398, 14]
[561, 911, 601, 930, 'LUIS', 0.9992526173591614, 14]
[604, 911, 677, 930, 'LINARES', 0.9998619556427002, 14]
[682, 911, 760, 930, 'ROMERO', 0.9269732236862183, 14]
[429, 1027, 479, 1046, 'Firma', 0.5949684977531433, 14]
[481, 1026, 576, 1044, 'electronica', 0.9016955494880676, 13]
[576, 1026, 604, 1046, 'de', 0.9999730587005615, 15]
[603, 1024, 623, 1047, 'la', 0.9999035596847534, 17]
[621, 1024, 708, 1047, 'autoridad', 0.9891749620437622, 17]
[709, 1026, 793, 1044, 'educativa', 0.9942933917045593, 13]
[258, 1066, 323, 1083, 'Nombre:', 0.9966017007827759, 12]
[343, 1064, 394, 1083, 'ANAHI', 0.9980806112289429, 14]
[392, 1066, 479, 1083, 'URIOSTEGUI', 0.9307644963264465, 12]
[479, 1063, 567, 1081, 'HERNANDEZ', 0.9835668802261353, 13]
[213, 1123, 239, 1137, 'No.', 0.9984768033027649, 10]
[239, 1121, 323, 1138, 'Certificado:', 0.9975612163543701, 12]
[343, 1121, 528, 1138, '0001000510871752', 0.5292109847068787, 12]
[272, 1092, 324, 1115, 'Cargo:', 0.9959049820899963, 17]
[343, 1094, 426, 1111, 'DIRECTORA', 0.9995296001434326, 12]
[426, 1094, 448, 1109, 'DE', 0.9999145269393921, 11]
[446, 1094, 530, 1111, 'REGISTROS!', 0.45574602484703064, 12]
[527, 1094, 612, 1111, 'ESCOLARES,', 0.9888133406639099, 12]
[614, 1092, 802, 1109, 'OPRACONYEVALUACION', 0.5026785731315613, 12]
[233, 1148, 270, 1166, 'Sello', 0.9999239444732666, 13]
[270, 1149, 323, 1168, 'Digital:', 0.978634238243103, 14]
[343, 1146, 1141, 1168, 'Nlex/3ploNwwelTetToMw/PAcACPATwSuCMA8VID8S/ABAYbwPNAZCokmymiw/Zioflaben/V4EFGSXOWXRA', 0.1972210705280304, 16]
[343, 1163, 1141, 1185, '2QKTYP9GNAhT4yIKAVA:a9D5GESRR7Bwv2359ANPBMpuMUb/10.4b7IZMI97V3eIN/BWUZAVIEZK8T5y3KthZ', 0.14657475054264069, 16]
[343, 1180, 651, 1202, 'OHLCV0,599UKP0V27Q0lurpo9gtrdl', 0.24530468881130219, 16]
[641, 1182, 824, 1199, 'MAWASSAQUPASPOAZP,', 0.314567893743515, 12]
[818, 1185, 827, 1196, 'Z', 0.5464843511581421, 8]
[821, 1182, 1136, 1199, 'Z/BnezoQrjA8pPeqk-14/HICCzekBTZ6DHOUQ', 0.3122258484363556, 12]
[341, 1262, 364, 1282, 'La', 0.9836699962615967, 15]
[363, 1265, 428, 1284, 'presente', 0.9961242079734802, 14]
[428, 1264, 505, 1281, 'constancia', 0.9995834231376648, 12]
[505, 1264, 527, 1279, 'de', 0.9852902889251709, 11]
[525, 1264, 624, 1281, 'autenticacion', 0.9987803101539612, 12]
[623, 1265, 644, 1281, 'se', 0.9996457099914551, 12]
[643, 1264, 692, 1282, 'expide', 0.9989680051803589, 13]
[692, 1267, 734, 1279, 'como', 0.9985698461532593, 9]
[734, 1265, 759, 1282, 'un', 0.9680269360542297, 12]
[756, 1264, 813, 1282, 'registro', 0.9995180368423462, 13]
[816, 1264, 841, 1281, 'fiel', 0.7207737565040588, 12]
[841, 1264, 863, 1279, 'del', 0.9997537732124329, 11]
[864, 1262, 921, 1281, 'trâmite', 0.5731074213981628, 14]
[920, 1264, 941, 1279, 'de', 0.9999309778213501, 11]
[941, 1262, 1039, 1281, 'autenticacion', 0.9072319865226746, 14]
[1037, 1265, 1051, 1281, 'a', 0.9999285936355591, 12]
[1050, 1265, 1082, 1284, 'que', 0.876238226890564, 14]
[1079, 1265, 1099, 1281, 'se', 0.9999209642410278, 12]
[1098, 1262, 1149, 1281, 'refiere', 0.9999690055847168, 14]
[340, 1278, 361, 1299, 'el', 0.9963380098342896, 15]
[358, 1279, 419, 1298, 'Articulo', 0.9964243769645691, 14]
[420, 1281, 442, 1296, '14', 0.9885095953941345, 11]
[440, 1281, 462, 1296, 'de', 0.9998093247413635, 11]
[459, 1278, 481, 1299, 'lal', 0.7484614849090576, 15]
[477, 1279, 508, 1301, 'Ley', 0.9999314546585083, 16]
[507, 1279, 566, 1298, 'General', 0.9998002648353577, 14]
[566, 1281, 586, 1296, 'de', 0.9996082186698914, 11]
[586, 1279, 660, 1298, 'Educacion', 0.8752893805503845, 14]
[660, 1281, 725, 1299, 'Superior.', 0.9988322854042053, 13]
[723, 1279, 748, 1299, 'Lai', 0.9610639214515686, 15]
[747, 1281, 818, 1299, 'impresion', 0.5207550525665283, 13]
[819, 1281, 839, 1296, 'de', 0.999985933303833, 11]
[839, 1281, 856, 1298, 'la', 0.9998204112052917, 12]
[855, 1281, 935, 1298, 'constancia', 0.9176664352416992, 12]
[935, 1281, 955, 1296, 'de', 0.9999704360961914, 11]
[957, 1279, 1056, 1298, 'autenticacion', 0.8447494506835938, 14]
[1054, 1281, 1147, 1299, 'acompanada', 0.7560994625091553, 13]
[341, 1296, 371, 1315, 'del', 0.9955577254295349, 14]
[369, 1296, 434, 1315, 'formato', 0.9951531887054443, 14]
[434, 1296, 522, 1315, 'electronico', 0.6028357744216919, 14]
[522, 1301, 553, 1315, 'con', 0.9990002512931824, 10]
[553, 1295, 632, 1318, 'extensiôn', 0.7488778233528137, 17]
[629, 1296, 672, 1315, 'XML,', 0.9996429681777954, 14]
[672, 1298, 706, 1318, 'que', 0.9754732847213745, 15]
[706, 1298, 784, 1316, 'pertenece', 0.9995952248573303, 13]
[782, 1296, 805, 1316, 'al', 0.991235613822937, 15]
[802, 1296, 847, 1315, 'titulo', 0.986206591129303, 14]
[849, 1298, 940, 1316, 'profesional,', 0.9219288229942322, 13]
[941, 1298, 1002, 1316, 'diploma', 0.9995194673538208, 13]
[1003, 1299, 1017, 1315, 'o', 0.9078377485275269, 12]
[1017, 1296, 1067, 1319, 'grado', 0.9603545665740967, 17]
[1067, 1296, 1147, 1315, 'académico', 0.9815388321876526, 14]
[343, 1313, 425, 1330, 'electronico', 0.9141829013824463, 12]
[422, 1315, 454, 1333, 'que', 0.999271810054779, 13]
[453, 1315, 513, 1333, 'generan', 0.9965806603431702, 13]
[513, 1315, 538, 1332, 'las', 0.980385422706604, 12]
[535, 1313, 632, 1332, 'Instituciones,', 0.7278133034706116, 14]
[631, 1316, 652, 1330, 'en', 0.9999099969863892, 10]
[651, 1313, 696, 1335, 'papel', 0.6145537495613098, 16]
[692, 1313, 737, 1332, 'bond,', 0.9977948665618896, 14]
[734, 1315, 748, 1330, 'a', 0.9998499155044556, 11]
[747, 1313, 787, 1332, 'color', 0.9980010390281677, 14]
[784, 1315, 799, 1330, 'o', 0.9812059998512268, 11]
[798, 1313, 849, 1330, 'blanco', 0.9983552098274231, 12]
[846, 1316, 863, 1333, 'y', 0.6562732458114624, 12]
[859, 1315, 909, 1333, 'negro,', 0.9994204044342041, 13]
[904, 1313, 929, 1333, 'es', 0.9978851675987244, 15]
[926, 1313, 972, 1330, 'vâlida', 0.6182277798652649, 12]
[969, 1315, 985, 1332, 'y', 0.99437016248703, 12]
[982, 1313, 1023, 1332, 'debe', 0.9645246863365173, 14]
[1017, 1313, 1047, 1332, 'ser', 0.9952781200408936, 14]
[1045, 1315, 1113, 1333, 'aceptada', 0.9996191263198853, 13]
[1112, 1315, 1149, 1335, 'para', 0.9999262094497681, 15]
[341, 1363, 364, 1383, 'La', 0.999624490737915, 15]
[364, 1366, 429, 1384, 'presente', 0.9916058778762817, 13]
[429, 1364, 508, 1381, 'constancia', 0.9814583659172058, 12]
[508, 1366, 530, 1381, 'de', 0.999806821346283, 11]
[530, 1364, 631, 1381, 'autenticaciôn', 0.5082168579101562, 12]
[631, 1366, 651, 1381, 'ha', 0.9998020529747009, 11]
[651, 1363, 685, 1381, 'sido', 0.9995415210723877, 13]
[683, 1364, 743, 1381, 'firmada', 0.684069037437439, 12]
[743, 1364, 815, 1381, 'mediante', 0.9992183446884155, 12]
[813, 1364, 830, 1381, 'el', 0.9993739724159241, 12]
[830, 1367, 859, 1381, 'uso', 0.999599039554596, 10]
[859, 1364, 880, 1380, 'de', 0.9995871186256409, 12]
[880, 1363, 897, 1381, 'la', 0.9971325397491455, 13]
[895, 1364, 938, 1383, 'firma', 0.837632417678833, 14]
[938, 1364, 1025, 1381, 'electronica,', 0.7491479516029358, 12]
[1023, 1364, 1099, 1383, 'amparada', 0.997686505317688, 14]
[1099, 1369, 1127, 1383, 'por', 0.9992604851722717, 10]
[1126, 1367, 1150, 1384, 'un', 0.99980229139328, 12]
[341, 1380, 422, 1398, 'certificado', 0.9908197522163391, 13]
[420, 1378, 479, 1401, 'vigente', 0.9082221984863281, 17]
[474, 1381, 490, 1398, 'al', 0.977378249168396, 12]
[487, 1381, 505, 1398, 'la', 0.9915429353713989, 12]
[504, 1380, 547, 1398, 'fecha', 0.9998730421066284, 13]
[545, 1381, 567, 1397, 'de', 0.9999552965164185, 12]
[566, 1383, 587, 1398, 'su', 0.9983941912651062, 11]
[586, 1380, 644, 1398, 'emision', 0.6962660551071167, 13]
[641, 1381, 657, 1400, 'y', 0.997327446937561, 14]
[655, 1383, 675, 1398, 'es', 0.9996893405914307, 11]
[674, 1380, 720, 1398, 'vâlido', 0.669425904750824, 13]
[719, 1381, 740, 1397, 'de', 0.500032901763916, 12]
[740, 1380, 833, 1397, 'conformidad', 0.9986082911491394, 12]
[833, 1383, 861, 1397, 'con', 0.999745786190033, 10]
[859, 1380, 877, 1397, 'lo', 0.9983838796615601, 12]
[877, 1381, 948, 1400, 'dispuesto', 0.9997188448905945, 14]
[948, 1383, 969, 1398, 'en', 0.9987890124320984, 11]
[968, 1381, 985, 1397, 'el', 0.998030960559845, 12]
[983, 1380, 1042, 1398, 'articulo', 0.9841707348823547, 13]
[1040, 1381, 1059, 1398, '1;', 0.9889960289001465, 12]
[1054, 1380, 1076, 1401, '2,', 0.9192706942558289, 15]
[1073, 1380, 1149, 1398, 'fracciones', 0.9966565370559692, 13]
[341, 1395, 368, 1417, 'IV,', 0.9955807328224182, 16]
[366, 1397, 391, 1417, 'V,>', 0.6559311151504517, 15]
[383, 1397, 414, 1415, 'XIII', 0.7549771070480347, 13]
[411, 1398, 428, 1417, 'y', 0.9711076021194458, 14]
[426, 1395, 464, 1415, 'XIV;', 0.9951841235160828, 15]
[459, 1395, 481, 1417, '3,', 0.9974308609962463, 16]
[481, 1397, 559, 1415, 'fracciones', 0.657207190990448, 13]
[559, 1400, 569, 1412, 'I', 0.9154468774795532, 9]
[564, 1397, 586, 1418, 'y!', 0.717006504535675, 15]
[580, 1395, 601, 1417, 'Il;', 0.926895260810852, 16]
[597, 1395, 620, 1417, '7;', 0.9869760870933533, 16]
[615, 1395, 638, 1417, '8;', 0.9985018968582153, 16]
[634, 1395, 655, 1417, '9;', 0.9959933757781982, 16]
[654, 1397, 683, 1417, '13;', 0.999136745929718, 15]
[682, 1397, 713, 1415, '14;', 0.9823180437088013, 13]
[708, 1397, 734, 1417, '16', 0.9998502731323242, 15]
[731, 1398, 748, 1417, 'y', 0.9854332804679871, 14]
[747, 1398, 771, 1415, '25', 0.9999631643295288, 12]
[771, 1398, 791, 1414, 'de', 0.9947192668914795, 12]
[791, 1397, 810, 1414, 'la', 0.9987242817878723, 12]
[808, 1397, 841, 1417, 'Ley', 0.9999526739120483, 15]
[839, 1398, 861, 1414, 'de', 0.9999430179595947, 12]
[861, 1397, 907, 1415, 'Firma', 0.6733317971229553, 13]
[907, 1397, 991, 1414, 'Electronica', 0.6003691554069519, 12]
[991, 1397, 1071, 1415, 'Avanzada;', 0.9999322891235352, 13]
[1070, 1397, 1085, 1415, '7', 0.9999603033065796, 13]
[1084, 1398, 1101, 1417, 'y', 0.9984568357467651, 14]
[1099, 1397, 1124, 1417, '12', 0.9998192191123962, 15]
[1122, 1397, 1150, 1415, 'del', 0.9986885190010071, 13]
[341, 1446, 364, 1466, 'La', 0.9998618364334106, 15]
[366, 1448, 443, 1466, 'integridad', 0.9912450909614563, 13]
[443, 1449, 460, 1468, 'y', 0.999207079410553, 14]
[459, 1446, 518, 1465, 'autoria', 0.9992570281028748, 14]
[518, 1446, 545, 1465, 'del', 0.9997233748435974, 14]
[547, 1449, 615, 1466, 'presente', 0.6752490997314453, 12]
[615, 1448, 703, 1465, 'documento', 0.9996631145477295, 12]
[702, 1449, 726, 1466, 'se', 0.9997963309288025, 12]
[726, 1448, 773, 1466, 'podrà', 0.8404964804649353, 13]
[774, 1448, 858, 1466, 'comprobar', 0.9988393187522888, 13]
[858, 1449, 873, 1465, 'a', 0.9999327659606934, 12]
[872, 1446, 926, 1465, 'través', 0.9995871186256409, 14]
[926, 1448, 948, 1463, 'de', 0.9998279809951782, 11]
[949, 1448, 966, 1465, 'la', 0.9998199343681335, 12]
[966, 1446, 1022, 1470, 'pagina', 0.9224187731742859, 18]
[1022, 1446, 1107, 1465, 'electronica', 0.5030187368392944, 14]
[1109, 1448, 1130, 1463, 'de', 0.9999097585678101, 11]
[1129, 1445, 1150, 1466, 'la', 0.9996778964996338, 15]
[341, 1465, 459, 1483, 'Secretaria', 0.9988104104995728, 13]
[474, 1463, 505, 1483, 'de', 0.99934321641922, 15]
[522, 1465, 632, 1483, 'Educacion', 0.9000989198684692, 13]
[651, 1463, 733, 1482, 'Pablica', 0.5352706909179688, 14]
[750, 1465, 788, 1483, 'por', 0.9998821020126343, 13]
[805, 1465, 841, 1483, 'me', 0.7774477005004883, 13]
[835, 1463, 873, 1483, 'dio', 0.9994511008262634, 15]
[889, 1463, 920, 1483, 'de', 0.9998106360435486, 15]
[934, 1463, 960, 1483, 'la', 0.9779157042503357, 15]
[974, 1462, 1084, 1485, 'siguiente', 0.9995917677879333, 17]
[1096, 1463, 1155, 1487, 'liga:', 0.9961712956428528, 18]
[343, 1480, 743, 1502, 'https//www.sigedsepgobamx/titulos/autenticacion/,', 0.3352261185646057, 16]
[742, 1482, 774, 1500, 'con', 0.999854326248169, 13]
[770, 1480, 793, 1500, 'el', 0.9905248284339905, 15]
[790, 1480, 827, 1499, 'folio', 0.9999363422393799, 14]
[827, 1482, 877, 1500, 'digital', 0.987928569316864, 13]
[877, 1480, 945, 1499, 'senalado', 0.9178952574729919, 14]
[945, 1483, 966, 1499, 'en', 0.999700665473938, 12]
[965, 1479, 986, 1500, 'la', 0.9970381259918213, 15]
[985, 1482, 1030, 1504, 'parte', 0.9981631636619568, 16]
[1028, 1482, 1092, 1500, 'superior', 0.9997392296791077, 13]
[1092, 1482, 1113, 1497, 'de', 0.9999337196350098, 11]
[1115, 1483, 1149, 1497, 'este', 0.8430631160736084, 10]
[344, 1497, 433, 1516, 'documento.', 0.9884589314460754, 14]
[429, 1497, 459, 1516, 'Dei', 0.9867622256278992, 14]
[454, 1499, 498, 1517, 'igual', 0.996151864528656, 13]
[496, 1499, 559, 1517, 'manera,', 0.9918934106826782, 13]
[556, 1500, 581, 1517, 'se', 0.9998794794082642, 12]
[580, 1499, 624, 1517, 'podrà', 0.6669260859489441, 13]
[626, 1499, 691, 1516, 'verificar', 0.9940401911735535, 12]
[688, 1496, 709, 1517, 'el', 0.9993683695793152, 15]
[706, 1499, 791, 1516, 'documento', 0.9927883744239807, 12]
[793, 1497, 877, 1516, 'electronico', 0.7291001677513123, 14]
[877, 1500, 907, 1519, 'por', 0.9999697208404541, 14]
[904, 1497, 955, 1516, 'medio', 0.9681636095046997, 14]
[954, 1497, 982, 1516, 'del', 0.9999239444732666, 14]
[980, 1496, 1033, 1519, 'codigo', 0.44702956080436707, 17]
[1031, 1496, 1065, 1519, 'QR.', 0.9989972710609436, 17]
[346, 1199, 886, 1216, '41m+a91d2H725NGyczr9aFROMWDgWhQ28Q/720qQW1OEOEGFqusisQ--', 0.23973657190799713, 12]
[154, 1225, 201, 1242, 'Fecha', 0.9983452558517456, 12]
[199, 1227, 219, 1242, 'de', 0.99960857629776, 11]
[219, 1225, 323, 1242, 'Autenticacion:', 0.9795531630516052, 12]
[343, 1225, 429, 1242, '2023-11-22', 0.8991973996162415, 12]
[341, 1330, 400, 1347, 'realizar', 0.9991335272789001, 12]
[399, 1332, 434, 1346, 'todo', 0.9998183846473694, 10]
[434, 1329, 491, 1347, 'tràmite', 0.5552014708518982, 13]
[490, 1330, 562, 1347, 'inherente', 0.8778113722801208, 12]
[561, 1330, 578, 1347, 'al', 0.9976797699928284, 12]
[576, 1330, 631, 1349, 'mismo,', 0.9440501928329468, 14]
[629, 1333, 652, 1347, 'en', 0.9524014592170715, 10]
[651, 1329, 688, 1347, 'todo', 0.9998207688331604, 13]
[686, 1330, 703, 1347, 'el', 0.9996300935745239, 12]
[702, 1330, 770, 1347, 'territorio', 0.9997715353965759, 12]
[770, 1330, 836, 1347, 'nacional.', 0.9791612029075623, 12]
[343, 1415, 433, 1434, 'Reglamento', 0.562537431716919, 14]
[434, 1415, 456, 1431, 'de', 0.9999655485153198, 12]
[454, 1412, 476, 1434, 'la', 0.9383151531219482, 16]
[473, 1414, 505, 1434, 'Ley', 0.9999779462814331, 15]
[505, 1415, 525, 1431, 'de', 0.9998723268508911, 12]
[525, 1414, 572, 1431, 'Firma', 0.9652824997901917, 12]
[572, 1414, 655, 1431, 'Electronica', 0.5141343474388123, 12]
[655, 1414, 736, 1431, 'Avanzada.', 0.9917460680007935, 12]
[102, 1525, 162, 1548, '99299', 0.3107467591762543, 17]
[167, 1533, 176, 1542, '/', 0.6450427770614624, 6]
[185, 1536, 204, 1548, '0x', 0.12917102873325348, 9]
[363, 1533, 372, 1542, '', 0.9066503047943115, 6]
[375, 1527, 411, 1545, 'R', 0.11758515983819962, 13]
[400, 1536, 419, 1552, '@', 0.7548338174819946, 12]
[417, 1525, 477, 1548, '99799', 0.27725180983543396, 17]
[474, 1527, 510, 1545, 'gR', 0.13941173255443573, 13]
[507, 1530, 527, 1545, '%%', 0.4750955402851105, 11]
[519, 1528, 575, 1547, '95979', 0.286864697933197, 14]
[572, 1530, 590, 1542, 'S', 0.31660202145576477, 9]
[586, 1528, 603, 1542, '9', 0.8290766477584839, 10]
[620, 1530, 657, 1544, '99', 0.5699072480201721, 10]
[689, 1531, 699, 1541, 'e', 0.6143763661384583, 7]
[720, 1530, 742, 1542, '&', 0.7493855357170105, 9]
[737, 1531, 748, 1541, 'C', 0.21199311316013336, 7]
[818, 1530, 852, 1544, '&', 0.39297711849212646, 10]
[920, 1530, 945, 1544, '&', 0.1901763677597046, 10]
[1105, 1531, 1115, 1541, 'o', 0.4484407603740692, 7]
[1118, 1531, 1127, 1541, 'e', 0.7091172337532043, 7]
[1122, 1530, 1149, 1544, '', 0.4835658371448517, 10]
[1085, 1547, 1095, 1556, '6', 0.9763848185539246, 6]
[1101, 1548, 1110, 1558, '', 0.39927032589912415, 7]
[391, 1545, 409, 1559, '63', 0.3393038511276245, 10]
[511, 1547, 527, 1558, 'OX', 0.4681980013847351, 8]
