[122, 142, 195, 160, 'Estados', 0.997050404548645, 13]
[196, 142, 260, 160, 'Unidos', 0.9996578693389893, 13]
[263, 142, 358, 160, 'Mexicanos', 0.9950991272926331, 13]
[121, 168, 213, 191, 'Secretaria', 0.9999340772628784, 17]
[213, 170, 240, 191, 'de', 0.9995797276496887, 15]
[243, 171, 334, 188, 'Educacion', 0.9983772039413452, 12]
[337, 170, 367, 189, 'del', 0.9907802939414978, 14]
[369, 168, 434, 191, 'Estado', 0.9999649524688721, 17]
[434, 168, 461, 191, 'de', 0.9999847412109375, 17]
[463, 171, 543, 189, 'Veracruz', 0.8712320327758789, 13]
[121, 198, 172, 216, 'Titulo', 0.9990707635879517, 13]
[175, 198, 274, 216, 'Profesional', 0.9786813855171204, 13]
[278, 198, 375, 216, 'Electronico', 0.9537093639373779, 13]
[119, 250, 151, 275, 'Se', 0.99991774559021, 18]
[150, 253, 209, 277, 'otorga', 0.9996421337127686, 18]
[209, 254, 231, 274, 'a:', 0.9979199767112732, 15]
[968, 142, 1005, 160, 'Folio', 0.7360053658485413, 13]
[943, 162, 1033, 179, 'TE301901303', 0.9989258646965027, 12]
[869, 198, 909, 216, 'Clave', 0.9997101426124573, 13]
[908, 198, 949, 216, 'Unica', 0.8490564227104187, 13]
[946, 198, 968, 218, 'de', 0.9970675110816956, 15]
[965, 200, 1021, 218, 'Registro', 0.9947498440742493, 13]
[1020, 200, 1040, 215, 'de', 0.9994950294494629, 11]
[1038, 198, 1103, 215, 'Poblacion', 0.9615916013717651, 12]
[911, 227, 1065, 244, 'JAS1900628MVZMNS08', 0.5293263792991638, 12]
[545, 282, 592, 300, 'Datos', 0.9949988126754761, 13]
[590, 280, 617, 301, 'del', 0.999832272529602, 15]
[616, 283, 707, 301, 'profesionista', 0.9914987683296204, 13]
[608, 345, 663, 362, 'JAIMES', 0.9993108510971069, 12]
[584, 372, 631, 391, 'Primer', 0.6930451393127441, 14]
[629, 374, 679, 392, 'apellido', 0.9979169964790344, 13]
[231, 345, 284, 362, 'JASIBE', 0.9973636269569397, 12]
[283, 345, 342, 362, 'MYRIAM', 0.9981904625892639, 12]
[252, 374, 321, 392, 'Nombre(s)', 0.9959041476249695, 13]
[937, 345, 1006, 362, 'SANCHEZ', 0.9862196445465088, 12]
[915, 371, 976, 394, 'Segundo', 0.9998846054077148, 17]
[973, 371, 1027, 394, 'apellido', 0.5259732007980347, 17]
[363, 434, 466, 451, 'ESPECIALIDAD', 0.9494002461433411, 12]
[464, 433, 490, 453, 'ENI', 0.6282574534416199, 15]
[487, 433, 596, 451, 'INTERVENCION!', 0.44188934564590454, 13]
[595, 434, 672, 451, 'INCLUSIVA', 0.9841592311859131, 12]
[449, 462, 504, 478, 'Nombre', 0.9959651231765747, 12]
[502, 463, 522, 478, 'del', 0.8136700391769409, 11]
[519, 462, 535, 480, 'la', 0.991599440574646, 13]
[534, 463, 584, 480, 'carrera', 0.9997051358222961, 12]
[996, 434, 1046, 453, '669715', 0.9999047517776489, 14]
[1000, 462, 1041, 480, 'Clave', 0.9995984435081482, 13]
[940, 531, 1014, 548, '2019-08-31', 0.9975224137306213, 12]
[885, 559, 929, 575, 'Fecha', 0.9999710321426392, 12]
[928, 560, 947, 575, 'de', 0.999969482421875, 11]
[946, 560, 1000, 577, 'examen', 0.9946044087409973, 12]
[999, 560, 1070, 578, 'profesional', 0.9978419542312622, 13]
[249, 531, 324, 548, '2016-11-05', 0.9927086234092712, 12]
[239, 559, 281, 575, 'Fecha', 0.9998984336853027, 12]
[278, 557, 301, 577, 'dei', 0.6541151404380798, 15]
[299, 560, 334, 574, 'inicio', 0.9997665286064148, 10]
[595, 531, 670, 548, '2017-10-28', 0.9991617202758789, 12]
[576, 559, 620, 575, 'Fecha', 0.9991887211799622, 12]
[619, 560, 638, 575, 'de', 0.9998296499252319, 11]
[637, 559, 688, 575, 'término', 0.9789957404136658, 12]
[118, 595, 146, 616, 'En', 0.9999889135360718, 15]
[148, 596, 195, 615, 'virtud', 0.9913116693496704, 14]
[196, 596, 222, 616, 'de', 0.9996631145477295, 15]
[222, 599, 257, 619, 'que', 0.99755859375, 15]
[260, 596, 325, 619, 'cumplio', 0.9148775935173035, 17]
[327, 598, 360, 616, 'con', 0.9990431666374207, 13]
[361, 595, 381, 618, 'el', 0.6385233998298645, 17]
[383, 596, 420, 616, 'Plan', 0.8307620882987976, 15]
[423, 598, 439, 619, 'y', 0.927668035030365, 15]
[440, 596, 529, 619, 'Programas', 0.6770566701889038, 17]
[532, 596, 558, 616, 'de', 0.9932841062545776, 15]
[560, 598, 619, 615, 'estudio', 0.9969640374183655, 12]
[623, 598, 717, 615, 'autorizados', 0.9971805810928345, 12]
[719, 599, 752, 619, 'por', 0.99957674741745, 15]
[750, 595, 772, 618, 'la', 0.9993054866790771, 17]
[775, 598, 856, 615, 'Secretaria', 0.8800925016403198, 12]
[859, 596, 885, 616, 'de', 0.9965488314628601, 15]
[888, 598, 971, 615, 'Educacion', 0.8979371786117554, 12]
[976, 598, 1037, 616, 'Publica', 0.8162210583686829, 13]
[1038, 599, 1053, 619, 'y', 0.9909055233001709, 15]
[1055, 596, 1114, 619, 'aprobo', 0.9719704985618591, 17]
[1117, 598, 1133, 616, 'el', 0.9999191761016846, 13]
[119, 619, 186, 636, 'examen', 0.9954304695129395, 12]
[187, 616, 277, 639, 'profesional', 0.9284527897834778, 17]
[278, 616, 392, 639, 'reglamentario.', 0.5884891152381897, 17]
[548, 655, 595, 674, 'Datos', 0.9995666146278381, 14]
[592, 655, 616, 675, 'de', 0.9994418025016785, 15]
[613, 654, 634, 675, 'lai', 0.9974682331085205, 15]
[631, 657, 705, 674, 'institucion', 0.8239144682884216, 12]
[599, 725, 654, 743, 'Nombre', 0.9997307658195496, 13]
[377, 696, 469, 713, 'BENEMÉRITA', 0.871357262134552, 12]
[469, 698, 537, 714, 'ESCUELAI', 0.9113776683807373, 12]
[534, 698, 599, 714, 'NORMAL', 0.6061146259307861, 12]
[598, 698, 705, 714, 'VERACRUZANA', 0.9925608038902283, 12]
[704, 698, 776, 714, '"ENRIQUE', 0.9971264004707336, 12]
[775, 698, 793, 714, 'C.', 0.9905380010604858, 12]
[793, 696, 878, 713, 'RÉBSAMEN"', 0.9403411746025085, 12]
[352, 754, 402, 770, '300016', 0.9999184608459473, 12]
[358, 777, 398, 792, 'Clave', 0.981453537940979, 11]
[890, 755, 915, 769, 'N/A', 0.9968806505203247, 10]
[828, 775, 881, 792, 'Numero', 0.987964391708374, 12]
[879, 773, 902, 793, 'de', 0.9998612403869629, 15]
[899, 775, 979, 792, 'Autorizaciôn', 0.5202971696853638, 12]
[873, 851, 947, 867, '2019-12-17', 0.9991014003753662, 12]
[888, 872, 931, 890, 'Fecha', 0.9998173117637634, 13]
[526, 807, 573, 829, 'Lugar', 0.9987486600875854, 16]
[569, 810, 584, 828, 'y', 0.9874245524406433, 13]
[582, 808, 626, 826, 'fecha', 0.9991106390953064, 13]
[625, 810, 646, 825, 'de', 0.9949439167976379, 11]
[648, 810, 725, 828, 'expedicion', 0.9939080476760864, 13]
[272, 851, 352, 867, 'VERACRUZ', 0.74692302942276, 12]
[351, 851, 375, 867, 'DE', 0.9957430958747864, 12]
[374, 849, 436, 867, 'IGNACIO', 0.9850532412528992, 13]
[436, 851, 460, 867, 'DEI', 0.9017523527145386, 12]
[458, 851, 478, 866, 'LA', 0.9982858300209045, 11]
[478, 849, 525, 867, 'LLAVE', 0.9801715612411499, 13]
[374, 870, 425, 889, 'Entidad', 0.6735448837280273, 14]
[564, 905, 608, 923, 'Firma', 0.7029165625572205, 13]
[608, 907, 688, 923, 'electronica', 0.9538609385490417, 12]
[119, 942, 172, 954, 'Autoridad', 0.9749829173088074, 9]
[172, 942, 228, 954, 'Educativa:', 0.5971702337265015, 9]
[257, 942, 322, 954, 'ZENYAZEN', 0.9171314835548401, 9]
[322, 942, 384, 954, 'ROBERTOI', 0.5912273526191711, 9]
[384, 942, 443, 954, 'ESCOBAR', 0.6839010119438171, 9]
[442, 938, 495, 955, 'GARCIA,', 0.9983488321304321, 12]
[495, 942, 573, 954, 'SECRETARIO', 0.9983015060424805, 9]
[572, 940, 596, 957, 'DEE', 0.9865575432777405, 12]
[593, 938, 667, 955, 'EDUCACION', 0.9718685746192932, 12]
[119, 969, 153, 982, 'Firma', 0.9132172465324402, 9]
[151, 967, 213, 984, 'electrônica', 0.6838750839233398, 12]
[210, 967, 231, 982, 'del', 0.9997157454490662, 11]
[230, 967, 277, 984, 'servidor', 0.9351589679718018, 12]
[274, 967, 318, 985, 'publicof', 0.861581027507782, 13]
[314, 967, 371, 984, 'facultado:', 0.9793857336044312, 12]
[118, 981, 1133, 998, 'MIGGDCCBGIGAWIBACIUMDAWMDEMMDAMMDAOMIONDCINPYWDOYAKOZHVCMAQEIBOAWOOOYMTGWANYDVOQDOCPBLKMUIGRLBC8TZAIPAMAPBYAKZSBBZGIPBMIZDH', 0.30773040652275085, 12]
[116, 993, 1133, 1014, 'MYNDSZAGVAJPYAVDYAIPYTEVNCROALVECOMUOWLAMGZGUOOMFTAMSPCIRYMMPVTNUFYAMIIDGFVAMEXODABONASMIOEAWIANOCHFACOZBBKZ', 0.232725590467453, 15]
[119, 1008, 1136, 1025, 'SBTZWDICMLKYWqGGUOBGEOSWSMB3ITVWAPW/NUMRBWAOYAKOZHVCMAOKEFPHBHV2AKCBZZXQUZ3IMI4NVVAYVQQ.DBIBDNOSCILRYWANEYASNYWGQ2SLIBHD', 0.1726505011320114, 12]
[119, 1022, 1135, 1038, 'WWVYCMVYBZEOMAWGAIUEEQWFMDVZMDAXCZAIBGNVBAYTAKIVMPKWWPWYDVOOIDBBEAXNOCMLOBYBGZWRLCMFSWROWEGYDYOQHDATDDWFIAHTDQWIVZEVMBMGAIUE', 0.41289660334587097, 12]
[69, 1035, 78, 1046, '-', 0.6199309229850769, 8]
[116, 1032, 1136, 1054, 'RIMMUBPVOTCMAZATIKAIMAECANCNOKCENWSSVNIRTOOMHANSYSNITONTRMAMIDGYAVAZIO', 0.11407561600208282, 16]
[118, 1047, 876, 1064, 'FSIENVENRYAWJTEWVUDGUWHHCMMTKWNTAMTIANDETWMCMMUMWNTA2MTKOADUW.CBIAEONCYGAIUEAXMFWKVOWUFARU', 0.2577712833881378, 12]
[870, 1052, 879, 1061, 'J4', 0.804280161857605, 6]
[875, 1050, 899, 1063, '4GU', 0.9933822154998779, 9]
[894, 1052, 903, 1061, 'JH', 0.8676049113273621, 6]
[897, 1049, 1130, 1066, 'K9CRVAUTYBFUONPOKFSIEDBUKNJOTE', 0.2824736535549164, 12]
[118, 1061, 371, 1078, 'OMCYGAIUEKRMFWAVOWAVOWUFARUAGUKICR', 0.6338430643081665, 12]
[363, 1064, 404, 1076, 'RVJUTY', 0.9992778897285461, 9]
[404, 1061, 1130, 1078, 'BFUONPOKFSIEDBUKNIQTEOMCYGAIUECHMPWAVOWUFARUAGUKSCRVAUTVBFUONPOKFSIEDBUKNJOTELMAKGATUEBHMCT', 0.4365181624889374, 12]
[118, 1075, 1136, 1091, 'VGXIDAOBGKOHKIGPWOBCQEWMVINVENRYAWJIEWVUEWVUDGVZLNAHDEBVDEBVDXPSB2SRLMVZMRYWFAYDVQOTEWIFTODAODQWNUAOTVLBMRSWGOYDVOFEXIFTODAODQWINJADSE', 0.2365860491991043, 12]
[78, 1096, 87, 1105, '-', 0.4414951801300049, 6]
[119, 1088, 1136, 1105, 'RGUIJOMDGWGGEIMAGEMAPOCSOGSIBSDOEBAQUAMIBDWAWOOEKAOIBAQCIOSTPATM/PATBMESAWOIUEB.00OOOAMURYDBIOAFTULNEDAVVILGBEATBIFOTDU7KXCUUKS)', 0.16536860167980194, 12]
[116, 1099, 1135, 1120, 'PMIYSNGISIMDFYPG-BPTGRAENCDNCOMGRBUPPAUENSYANAMDMVAEBADAIBONNISMASZIUANCOIMANRIANOANPAEEGPNSYUNISONNISYCVZYCDMAED', 0.19114522635936737, 15]
[119, 1114, 448, 1131, 'TPOBLQVB70H190D3MSDPMTUAPSYDOAVENIXYEMST+', 0.21198895573616028, 12]
[439, 1114, 1130, 1131, 'USJHL60A-FRWVTXOQSRPABIXCYCATELSICDAWOPSCCZUSAMURA3UDBEBPFOTZTOECYOFSWOGRDCXWZFIGRNR', 0.2369813472032547, 12]
[119, 1143, 678, 1155, 'ZIHVCNAQELBOADGGIBAHR2LE7KA819EC4W96WZBXUPSBIORVYCFIRFCXGPOCCOOWCOSGDXTI', 0.47863447666168213, 9]
[690, 1143, 761, 1155, 'HH8UHYSHZ', 0.9967979788780212, 9]
[763, 1143, 841, 1155, 'HSUODYRJ7.', 0.371814101934433, 9]
[837, 1143, 858, 1155, 'IVSE', 0.5367045402526855, 9]
[884, 1143, 932, 1155, '15P1XOE', 0.821064293384552, 9]
[952, 1143, 981, 1155, '/7WA', 0.8614557385444641, 9]
[66, 1155, 75, 1166, '-', 0.5212029814720154, 8]
[78, 1150, 92, 1175, '-', 0.22344852983951569, 18]
[118, 1155, 1130, 1172, 'FE-DSGZVGDYISIAMEDSKSAHSATTWAKIZNITREONPLONKIFXXXIOPABETUOYGIZIGP/RAFaPYCSVEMIMEWARAKCSMADHOSEMIEZOLRATSOAFIMAFIWAIBOJEX-ZEIDS5', 0.2221243977546692, 12]
[119, 1167, 1133, 1184, 'OYSPBX2JWYRWAVMDMPNIZRTANPD7BSAUNBDTARMONCEOTNOZRCAXUEADOHAVZKMMLPAHOAAHCOPTZ/MSGYATVAUIXI-MPVOEHDESEZTB-GPXOSWPIGTJUTEZYJPH', 0.2311096489429474, 12]
[119, 1181, 1132, 1197, 'EKONVUMBYZE7015IZWRGHPBEVZKABFQC612IGHLW2GVO2BVGSDO.202PVE7WX-EROUESSBAO6XDP8EXDFSEHLINCMXKPVDXPVDYIZUESJ/7OB-SES7FI92RV,RANACDWNHBTICZZRL', 0.20782461762428284, 12]
[118, 1194, 168, 1211, '70LADEN', 0.6927306056022644, 12]
[162, 1194, 222, 1211, 'MRF7VLZN', 0.7953218817710876, 12]
[230, 1199, 245, 1209, 'AY', 0.5040559768676758, 7]
[274, 1199, 289, 1209, 'L', 0.5906546711921692, 7]
[296, 1197, 319, 1209, 'OK4', 0.7826824188232422, 9]
[327, 1197, 355, 1209, '2VAA', 0.9985388517379761, 9]
[369, 1199, 378, 1208, 'V', 0.696590781211853, 6]
[374, 1197, 1132, 1209, 'WXJ131/9LSCASWXHOTGHVWWV6DPNPFX6/S/SOEH1ZYZTOBHUOW9EG5VNX5WV7JDYEN9BWGW3ZVRNWG360MNEFIPOTTAMZ9VORJ', 0.34582415223121643, 9]
[116, 1261, 1136, 1282, 'GROXBFZLMOIEDKZMBRBPDEASS-AFMEFW2ZEANAGKTPRADOSOQIPIUMDOUFEDEPMAKEHORCOQUNPACYPARUFREKIKSXIOOHIGTMOBXZX', 0.2054010033607483, 15]
[118, 1278, 1132, 1294, 'TV-PX-DPJP3P-JWSMVM3PGGGDALAO/CIBELS7GVAVSKXNOSXW.IGCNGRGAI7CQGNOGLCOIA47BOFVAIKCEVAPASMARBRKPOSPMSUGVFHSKGTI-BISTAVQDIV7MBGLWEASGX7A', 0.1845516413450241, 12]
[69, 1140, 78, 1149, 'a', 0.22647057473659515, 6]
[77, 1135, 92, 1150, '%', 0.2431519776582718, 11]
[118, 1128, 222, 1144, 'H3AGMBAAGITZBN', 0.33881518244743347, 12]
[219, 1129, 237, 1141, 'NM', 0.9940657615661621, 9]
[299, 1129, 324, 1141, 'EWE', 0.9992351531982422, 9]
[327, 1132, 336, 1141, '3/', 0.7244827747344971, 6]
[333, 1132, 342, 1141, 'M', 0.9031597971916199, 6]
[404, 1131, 413, 1140, 'CV', 0.7011821269989014, 6]
[425, 1129, 463, 1141, 'DVROF', 0.6860525012016296, 9]
[476, 1131, 495, 1143, 'AQD', 0.7714474201202393, 9]
[502, 1132, 511, 1141, '0', 0.40834251046180725, 6]
[519, 1131, 528, 1140, '', 0.7228493690490723, 6]
[557, 1131, 632, 1143, 'GCWCGSAG', 0.5750613212585449, 9]
[658, 1131, 828, 1143, 'BAQQEAWIFODADBGNVHSUE', 0.515815019607544, 9]
[823, 1132, 832, 1141, 'h', 0.5326933860778809, 6]
[834, 1131, 968, 1143, 'AUBGGRBGEFBOCDB:', 0.4641422927379608, 9]
[962, 1131, 1133, 1143, 'AYIKWYBBQUHAWIWDOYJKO', 0.5392823815345764, 9]
[1040, 1141, 1103, 1158, 'YWMC+QU7', 0.657386064529419, 12]
[1099, 1146, 1108, 1155, '/', 0.892264723777771, 6]
[1105, 1146, 1114, 1155, 'M', 0.9772983193397522, 6]
[1109, 1143, 1135, 1156, 'MI3B', 0.9955936074256897, 9]
[118, 1208, 384, 1225, 'TFVSVCSDNUPAFERTAIGIYWZVNONUFKOI', 0.1984454095363617, 12]
[119, 1253, 148, 1267, 'Sello', 0.9994922876358032, 10]
[145, 1252, 186, 1270, 'digital', 0.8725922703742981, 13]
[119, 1293, 286, 1305, 'FC4VPIPYFHAXNQ7EZRRXE3', 0.6438849568367004, 9]
[133, 1326, 143, 1335, 'a', 0.8835276961326599, 6]
[68, 1380, 77, 1390, '-', 0.34795841574668884, 7]
[68, 1400, 83, 1414, '3', 0.18869496881961823, 10]
[333, 1291, 654, 1308, 'IOWBSE7IGFGOHJAHORF3DOVBPTAMFHOSEHJLF03.', 0.3139505684375763, 12]
[648, 1291, 728, 1308, 'VGF+PF6G--', 0.2099267989397049, 12]
[213, 1326, 224, 1335, '3', 0.2322372943162918, 6]
[228, 1324, 246, 1340, 'DD', 0.7106415629386902, 12]
[268, 1320, 286, 1337, 'El', 0.5026928186416626, 12]
[284, 1320, 337, 1337, 'Presente', 0.5033277273178101, 12]
[336, 1320, 386, 1338, 'Diploma', 0.9717517495155334, 13]
[381, 1318, 404, 1338, 'ha', 0.9992796778678894, 15]
[402, 1321, 428, 1335, 'sido', 0.9996201992034912, 10]
[427, 1320, 473, 1337, 'firmado', 0.9348670840263367, 12]
[472, 1320, 525, 1337, 'mediante', 0.6877369284629822, 12]
[523, 1320, 542, 1337, 'el', 0.9997232556343079, 12]
[535, 1320, 566, 1338, 'usD', 0.7430547475814819, 13]
[560, 1318, 584, 1338, 'de', 0.5515822172164917, 15]
[579, 1320, 596, 1337, 'la', 0.9990816116333008, 12]
[595, 1321, 625, 1335, 'firma', 0.5089207291603088, 10]
[625, 1320, 688, 1337, 'electronica', 0.5479077696800232, 12]
[685, 1320, 746, 1337, 'avanzada,', 0.8542084693908691, 12]
[746, 1321, 805, 1338, 'amparada', 0.9975220561027527, 12]
[803, 1323, 828, 1340, 'por', 0.9987296462059021, 12]
[825, 1323, 844, 1337, 'un', 0.9990628361701965, 10]
[843, 1320, 903, 1337, 'certificado', 0.9854208827018738, 12]
[902, 1320, 946, 1338, 'vigente', 0.8759211897850037, 13]
[943, 1321, 958, 1337, 'a', 0.8908624053001404, 12]
[955, 1320, 971, 1337, 'la', 0.998956561088562, 12]
[970, 1321, 1002, 1335, 'fecha', 0.9982802867889404, 10]
[1000, 1318, 1023, 1338, 'de', 0.9999568462371826, 15]
[1020, 1323, 1040, 1337, 'su', 0.998085618019104, 10]
[1038, 1320, 1108, 1338, 'elaboracion;', 0.6076651215553284, 13]
[1105, 1323, 1120, 1338, 'y', 0.9665584564208984, 11]
[268, 1332, 307, 1350, 'vâlido', 0.7581744194030762, 13]
[304, 1334, 322, 1349, 'de', 0.999975323677063, 11]
[321, 1332, 392, 1350, 'conformidad', 0.5704874992370605, 13]
[390, 1335, 414, 1349, 'con', 0.9988090991973877, 10]
[413, 1334, 428, 1349, 'lo', 0.9961785078048706, 11]
[427, 1334, 483, 1350, 'dispuesto', 0.9989849925041199, 12]
[481, 1335, 499, 1350, 'en', 0.9980383515357971, 11]
[499, 1334, 519, 1349, 'los', 0.9954352974891663, 11]
[517, 1332, 569, 1350, 'articulos', 0.9556041955947876, 13]
[564, 1332, 601, 1352, '1y2', 0.9896117448806763, 15]
[596, 1332, 619, 1352, 'del', 0.9914060831069946, 15]
[614, 1334, 631, 1350, 'la', 0.9950606226921082, 12]
[628, 1334, 655, 1352, 'Ley', 0.9983863830566406, 13]
[652, 1332, 700, 1350, 'Numero', 0.9734366536140442, 13]
[697, 1332, 725, 1350, '563', 0.9996592998504639, 13]
[720, 1332, 743, 1352, 'de', 0.9910277724266052, 15]
[738, 1332, 776, 1350, 'Firma', 0.9124715328216553, 13]
[775, 1332, 838, 1350, 'Electrônica', 0.6313856244087219, 13]
[835, 1334, 894, 1350, 'Avanzada', 0.9998892545700073, 12]
[891, 1334, 923, 1352, 'para', 0.9998152852058411, 13]
[920, 1334, 937, 1349, 'el', 0.9885746836662292, 11]
[934, 1334, 977, 1350, 'Estado', 0.9999072551727295, 12]
[974, 1335, 994, 1350, 'de', 0.9999334812164307, 11]
[993, 1334, 1046, 1350, 'Veracruz', 0.9964520931243896, 12]
[1041, 1332, 1064, 1352, 'de', 0.9977710247039795, 15]
[1061, 1334, 1105, 1352, 'Ignacio', 0.9799333810806274, 13]
[1102, 1332, 1124, 1352, 'de', 0.6845502257347107, 15]
[1112, 1320, 1139, 1353, 'a', 0.1358635276556015, 24]
[266, 1371, 290, 1391, 'La', 0.8469251990318298, 15]
[286, 1373, 330, 1390, 'version', 0.8861831426620483, 12]
[328, 1373, 392, 1390, 'electronica', 0.7697606682777405, 12]
[390, 1373, 411, 1388, 'del', 0.9990980625152588, 11]
[411, 1373, 463, 1391, 'presente', 0.9990251064300537, 13]
[460, 1373, 528, 1391, 'documento,', 0.9759960770606995, 13]
[526, 1374, 546, 1390, 'su', 0.9919969439506531, 12]
[545, 1373, 601, 1391, 'integridad', 0.9828023314476013, 13]
[599, 1374, 614, 1391, 'y', 0.6575353741645813, 12]
[610, 1373, 654, 1391, 'autoria', 0.9248079061508179, 13]
[651, 1374, 672, 1390, 'se', 0.9990988969802856, 12]
[669, 1373, 705, 1391, 'podrà', 0.9574185013771057, 13]
[704, 1374, 767, 1391, 'comprobar', 0.8817003965377808, 12]
[766, 1377, 778, 1390, 'a', 0.9054715633392334, 9]
[776, 1374, 812, 1388, 'través', 0.9963639378547668, 10]
[811, 1371, 834, 1391, 'de', 0.9988240599632263, 15]
[831, 1373, 846, 1390, 'la', 0.9996678829193115, 12]
[844, 1373, 888, 1394, 'pagina', 0.6700063347816467, 15]
[885, 1373, 947, 1390, 'electrônica', 0.5565261244773865, 12]
[944, 1371, 967, 1391, 'de', 0.9953796863555908, 15]
[964, 1373, 979, 1390, 'la', 0.9973709583282471, 12]
[977, 1373, 1038, 1390, 'Secretaria', 0.9604079127311707, 12]
[1033, 1371, 1058, 1391, 'de', 0.9973268508911133, 15]
[1053, 1373, 1115, 1390, 'Educacion', 0.9595677256584167, 12]
[1114, 1374, 1135, 1390, 'del', 0.9932659864425659, 12]
[269, 1385, 311, 1403, 'Estado', 0.9998962879180908, 13]
[310, 1385, 333, 1405, 'de', 0.9999756813049316, 15]
[331, 1387, 387, 1403, 'Veracruz', 0.9983843564987183, 12]
[410, 1385, 449, 1403, 'medio', 0.9934372305870056, 13]
[448, 1385, 470, 1405, 'de', 0.999984622001648, 15]
[469, 1387, 486, 1403, 'la', 0.9976886510848999, 12]
[486, 1387, 539, 1405, 'siguiente', 0.9942528605461121, 13]
[539, 1387, 567, 1405, 'liga:', 0.9993828535079956, 13]
[567, 1383, 864, 1406, 'pdmaswaAtwsaTMAR2', 0.08925244957208633, 17]
[864, 1385, 888, 1405, 'De', 0.9999932050704956, 15]
[888, 1387, 920, 1405, 'igual', 0.9972099661827087, 13]
[918, 1387, 970, 1405, 'manera,', 0.9054973721504211, 13]
[970, 1387, 1006, 1405, 'podrà', 0.8359055519104004, 13]
[1006, 1387, 1055, 1403, 'verificar', 0.9900229573249817, 12]
[1055, 1388, 1071, 1403, 'el', 0.9978749752044678, 11]
[1071, 1387, 1135, 1403, 'documento', 0.9930141568183899, 12]
[268, 1346, 304, 1364, 'Llavey', 0.9292047023773193, 13]
[301, 1350, 310, 1362, 'y', 0.9241615533828735, 9]
[310, 1349, 334, 1365, 'sus!', 0.450597882270813, 12]
[330, 1346, 392, 1364, 'Municipios)', 0.9449864625930786, 13]
[389, 1349, 404, 1364, 'yA', 0.9918659329414368, 11]
[396, 1346, 443, 1364, 'Articulo', 0.994244396686554, 13]
[442, 1346, 458, 1362, '181', 0.9911063313484192, 12]
[455, 1346, 502, 1362, 'fraccion', 0.6722605228424072, 12]
[499, 1344, 529, 1364, 'XXII', 0.5290931463241577, 15]
[525, 1347, 545, 1362, 'del', 0.8377248644828796, 11]
[540, 1347, 558, 1362, 'lal', 0.993857204914093, 11]
[551, 1346, 579, 1365, 'Ley', 0.999771773815155, 14]
[575, 1344, 596, 1365, 'del', 0.3992583453655243, 15]
[592, 1346, 652, 1362, 'Educacion', 0.7193374633789062, 12]
[649, 1347, 673, 1364, 'delE', 0.8791162371635437, 12]
[667, 1346, 710, 1362, 'Estado', 0.9998024106025696, 12]
[708, 1346, 726, 1362, 'de', 0.9313666224479675, 12]
[723, 1344, 778, 1362, 'Veracruz', 0.9913018941879272, 13]
[775, 1347, 793, 1362, 'del', 0.9443603754043579, 11]
[790, 1347, 834, 1365, 'Ignacio', 0.9916314482688904, 13]
[831, 1347, 850, 1362, 'del', 0.8200154304504395, 11]
[846, 1347, 862, 1362, 'la', 0.9426029324531555, 11]
[858, 1346, 897, 1364, 'Llave.', 0.9952360987663269, 13]
[268, 1399, 331, 1417, 'electrônico', 0.6341716051101685, 13]
[328, 1403, 352, 1420, 'por', 0.9991499185562134, 12]
[348, 1399, 386, 1417, 'medio', 0.8388550877571106, 13]
[380, 1383, 414, 1420, 'Sere', 0.12602083384990692, 27]
[402, 1399, 443, 1418, 'codigo', 0.39629560708999634, 14]
[439, 1399, 467, 1417, 'QR.', 0.9406508803367615, 13]
