[137, 384, 191, 416, 'LA', 0.9999759197235107, 24]
[190, 379, 409, 418, 'SECRETARIA', 0.9329708814620972, 29]
[411, 388, 468, 419, 'DE', 0.9999784231185913, 23]
[471, 381, 686, 419, 'EDUCACION', 0.6228572726249695, 28]
[689, 385, 747, 416, 'DE', 0.9999821186065674, 23]
[748, 382, 940, 416, 'VERACRUZ', 0.9983789920806885, 25]
[396, 478, 426, 498, 'en', 0.9997579455375671, 15]
[426, 478, 467, 498, 'uso', 0.9992141723632812, 15]
[465, 472, 498, 500, 'de', 0.9968061447143555, 21]
[494, 472, 527, 500, 'las', 0.9999642372131348, 21]
[527, 472, 652, 500, 'atribuciones', 0.9448798298835754, 21]
[649, 473, 697, 506, 'que', 0.9996867179870605, 24]
[691, 467, 719, 498, 'le', 0.9998325109481812, 23]
[716, 467, 805, 497, 'concede', 0.9922587275505066, 22]
[801, 466, 829, 495, 'la', 0.9786497354507446, 21]
[826, 467, 872, 501, 'Ley', 0.9997419714927673, 25]
[870, 466, 906, 495, 'del', 0.9998494386672974, 21]
[904, 466, 1002, 500, 'Ejercicio', 0.9772273898124695, 25]
[397, 504, 522, 527, 'Profesional', 0.8729497790336609, 17]
[524, 506, 578, 537, 'para', 0.9570670127868652, 23]
[576, 500, 604, 531, 'el', 0.9997166991233826, 23]
[603, 497, 688, 531, 'Estado', 0.99998939037323, 25]
[688, 500, 720, 527, 'de', 0.9999986886978149, 20]
[722, 498, 826, 526, 'Veracruz', 0.9998539686203003, 21]
[826, 497, 860, 526, 'de', 0.9999983310699463, 21]
[858, 492, 951, 532, 'Ignacio', 0.9949706196784973, 30]
[949, 495, 983, 523, 'de', 0.9842319488525391, 21]
[982, 493, 1010, 524, 'la', 0.9998076558113098, 23]
[397, 532, 464, 563, 'Llave,', 0.999894380569458, 23]
[464, 532, 499, 560, 'asi', 0.9998401403427124, 21]
[498, 537, 563, 560, 'como', 0.9977904558181763, 17]
[563, 531, 590, 562, 'el', 0.9983696341514587, 23]
[587, 529, 720, 568, 'Reglamento', 0.7087876200675964, 29]
[720, 529, 810, 557, 'Interior', 0.9991874098777771, 21]
[809, 527, 841, 555, 'de', 0.9999992847442627, 21]
[841, 527, 864, 554, 'la', 0.9998520612716675, 20]
[864, 526, 974, 554, 'Secretaria', 0.9980531930923462, 21]
[977, 524, 1010, 552, 'de', 0.9999978542327881, 21]
[397, 563, 510, 591, 'Educacion', 0.8733552694320679, 21]
[508, 569, 529, 596, 'y', 0.9970092177391052, 20]
[527, 569, 556, 591, 'en', 0.9999185800552368, 16]
[558, 563, 611, 591, 'vista', 0.9993775486946106, 21]
[609, 558, 643, 592, 'de', 0.9999916553497314, 25]
[638, 566, 685, 597, 'que', 0.9380728602409363, 23]
[470, 633, 561, 656, 'PABLO', 0.9988528490066528, 17]
[563, 630, 666, 657, 'HIRAM', 0.9998798370361328, 20]
[666, 628, 804, 656, 'CADENAS', 0.9946985244750977, 21]
[805, 626, 935, 654, 'VICARTE', 0.9998421669006348, 21]
[399, 702, 491, 732, 'concluyo', 0.7722781896591187, 22]
[491, 701, 527, 729, 'los', 0.9999986886978149, 21]
[527, 701, 612, 729, 'estudios', 0.9998459815979004, 21]
[614, 702, 720, 732, 'requeridos', 0.997866690158844, 22]
[720, 704, 767, 735, 'por', 0.9999845027923584, 23]
[764, 699, 787, 725, 'el', 0.9976288676261902, 19]
[785, 701, 878, 724, 'Instituto', 0.9956478476524353, 17]
[878, 698, 974, 732, 'Superior', 0.9551775455474854, 25]
[972, 696, 1005, 725, 'de', 0.9999700784683228, 21]
[397, 730, 477, 760, 'Musica', 0.9471361637115479, 22]
[479, 732, 516, 758, 'del', 0.9999816417694092, 19]
[518, 733, 594, 756, 'Estado', 0.985352098941803, 17]
[595, 730, 628, 758, 'de', 0.9955169558525085, 21]
[629, 732, 792, 755, 'Veracruz-Llave', 0.9919983744621277, 17]
[795, 729, 827, 756, 'de', 0.9999996423721313, 20]
[827, 727, 918, 756, 'acuerdo', 0.9909735321998596, 21]
[920, 733, 968, 756, 'con', 0.9757465124130249, 17]
[968, 735, 1008, 755, 'sus', 0.997802197933197, 15]
[201, 741, 213, 750, 'A', 0.5245216488838196, 6]
[399, 763, 468, 794, 'planes', 0.9992998838424683, 23]
[465, 766, 487, 794, 'y', 0.7669009566307068, 21]
[484, 767, 597, 795, 'programas', 0.6934794187545776, 21]
[597, 767, 626, 787, 'en', 0.9994783997535706, 15]
[626, 763, 689, 792, 'vigor,', 0.9218903183937073, 21]
[645, 846, 753, 893, 'Otorga', 0.9953514337539673, 35]
[595, 885, 624, 916, 'el', 0.9890378713607788, 23]
[620, 889, 711, 919, 'presente', 0.9999096393585205, 22]
[711, 883, 771, 914, 'titulo', 0.9996649026870728, 23]
[770, 886, 802, 914, 'de', 0.9999903440475464, 21]
[498, 965, 680, 993, 'LICENCIADO', 0.9909263849258423, 21]
[683, 968, 730, 993, 'EN', 0.9995728135108948, 18]
[733, 965, 901, 999, 'EJECUCION', 0.9742582440376282, 25]
[450, 1005, 494, 1032, 'DE', 0.9999908208847046, 20]
[502, 1004, 725, 1032, 'INSTRUMENTOS', 0.9979053735733032, 21]
[733, 1004, 940, 1036, 'ORQUESTALES', 0.7638583779335022, 24]
[397, 1069, 474, 1100, 'Xalapa', 0.9508792161941528, 23]
[476, 1075, 490, 1092, '-', 0.9999798536300659, 12]
[490, 1069, 595, 1098, 'Enriquez,', 0.9951496720314026, 21]
[597, 1069, 700, 1097, 'Veracruz,', 0.9997273087501526, 21]
[700, 1070, 720, 1095, 'a', 0.9999055862426758, 18]
[717, 1066, 756, 1097, 'los', 0.999913215637207, 23]
[756, 1067, 847, 1095, 'dieciseis', 0.9961949586868286, 21]
[849, 1069, 894, 1095, 'dias', 0.9999690055847168, 19]
[895, 1069, 934, 1097, 'del', 0.9998869895935059, 21]
[935, 1077, 982, 1095, 'mes', 0.9963808655738831, 13]
[982, 1069, 1014, 1097, 'de', 0.998434841632843, 21]
[397, 1097, 515, 1125, 'noviembre', 0.9722670316696167, 21]
[513, 1094, 555, 1126, 'del', 0.9996433258056641, 24]
[552, 1098, 597, 1125, 'ano', 0.9685898423194885, 20]
[598, 1097, 638, 1125, 'dos', 0.999995231628418, 21]
[640, 1098, 679, 1125, 'mil', 0.8593109250068665, 20]
[680, 1097, 774, 1125, 'dieciseis.', 0.9974800944328308, 21]
[502, 1276, 612, 1306, 'XOCHITL', 0.930499792098999, 22]
[606, 1276, 694, 1310, 'ADELA', 0.9931271076202393, 25]
[683, 1273, 784, 1313, 'OSORIO', 0.6497560739517212, 30]
[781, 1278, 906, 1307, 'MARTINEZ', 0.9977377653121948, 21]
[597, 1302, 692, 1336, 'Secretafa', 0.5122777819633484, 25]
[688, 1304, 719, 1333, 'de', 0.9994530081748962, 21]
[714, 1304, 816, 1333, 'Educaciôn', 0.507182776927948, 21]
[375, 1440, 563, 1473, 'JCEARADDOEDAT', 0.37070804834365845, 24]
[555, 1443, 662, 1466, 'RODRIGUEZ', 0.998640239238739, 17]
[440, 1471, 451, 1480, 'a', 0.5851563215255737, 6]
[450, 1463, 491, 1490, 'Tulaf', 0.42507609724998474, 20]
[485, 1463, 516, 1491, 'del', 0.626362144947052, 21]
[510, 1465, 530, 1488, 'la', 0.9848461151123047, 17]
[521, 1465, 586, 1488, 'Uhidad', 0.9312247037887573, 17]
[583, 1466, 606, 1488, 'de', 0.9999982118606567, 16]
[369, 1490, 420, 1508, 'Planèg', 0.39392396807670593, 13]
[409, 1487, 456, 1511, 'cIOn,', 0.5622575879096985, 18]
[453, 1487, 498, 1508, 'Evalu', 0.5910906195640564, 15]
[491, 1485, 536, 1511, 'cion', 0.6139335036277771, 19]
[533, 1488, 549, 1510, 'y', 0.9987474679946899, 16]
[546, 1485, 607, 1508, 'Control', 0.9962618947029114, 17]
[606, 1488, 679, 1505, 'Educativo', 0.9978960752487183, 12]
[747, 1448, 878, 1470, 'JUANANTONIO', 0.9757779836654663, 16]
[872, 1448, 965, 1471, 'TORNERO1', 0.565315842628479, 17]
[959, 1445, 1050, 1473, 'RAMIREZ', 0.9918820261955261, 21]
[759, 1471, 824, 1488, 'Director', 0.9994977712631226, 12]
[822, 1471, 883, 1490, 'General', 0.9999469518661499, 14]
[881, 1470, 911, 1491, 'del', 0.9959845542907715, 15]
[909, 1471, 974, 1490, 'Instituto', 0.9947885274887085, 14]
[974, 1473, 1041, 1496, 'Superior', 0.9999096393585205, 17]
[754, 1488, 778, 1508, 'de', 0.9988051652908325, 15]
[776, 1490, 830, 1508, 'Musica', 0.9966357350349426, 13]
[829, 1490, 856, 1510, 'del', 0.9999234676361084, 15]
[856, 1491, 911, 1510, 'Estado', 0.9662231206893921, 14]
[909, 1490, 932, 1510, 'de', 0.9999959468841553, 15]
[931, 1490, 1042, 1513, 'Veracruz-Llave', 0.9961728453636169, 17]
