[694, 30, 720, 51, 'EL', 0.996782660484314, 15]
[720, 32, 805, 50, 'PRESENTE', 0.9981180429458618, 13]
[806, 30, 831, 51, 'SE', 0.9828295111656189, 15]
[834, 32, 897, 50, 'EXPIDE', 0.9995397329330444, 13]
[897, 30, 918, 51, 'A', 0.9967340230941772, 15]
[918, 30, 949, 50, 'FAV', 0.867241621017456, 15]
[938, 29, 987, 51, 'VOR', 0.9996404647827148, 16]
[985, 27, 1017, 53, 'DE', 0.9997742772102356, 19]
[794, 64, 861, 82, 'JASIBE', 0.9992524981498718, 13]
[864, 64, 943, 82, 'MYRIAM', 0.9833198189735413, 13]
[944, 64, 1014, 82, 'JAIMES', 0.9994381070137024, 13]
[1017, 64, 1109, 82, 'SANCHEZ', 0.9578109383583069, 13]
[808, 135, 1017, 151, 'JASJ900626MVZMNS08', 0.6850057244300842, 12]
[855, 174, 938, 192, 'ESCUELA', 0.9942111372947693, 13]
[864, 259, 979, 277, '30ENL0003V', 0.9211477637290955, 13]
[918, 295, 964, 313, '2004', 0.9627519845962524, 13]
[875, 333, 965, 351, '2008-2012', 0.9905751943588257, 13]
[923, 371, 968, 389, '2012', 0.9965901374816895, 13]
[63, 83, 436, 106, 'SLEDRECCONDEADMINSRACONESCOAR', 0.37473106384277344, 17]
[694, 101, 744, 124, 'CON', 0.9933215975761414, 17]
[744, 101, 812, 124, 'CLAVE', 0.9972524046897888, 17]
[811, 100, 875, 123, 'UNICA', 0.9459149241447449, 17]
[876, 101, 906, 123, 'DE', 0.9998327493667603, 16]
[906, 103, 997, 121, 'REGISTRO', 0.9834639430046082, 13]
[999, 101, 1029, 123, 'DE', 0.999543309211731, 16]
[1027, 97, 1144, 124, 'POBLACION', 0.9708743691444397, 20]
[190, 115, 239, 138, '080', 0.996944010257721, 17]
[192, 154, 222, 176, '55', 0.9999442100524902, 16]
[190, 189, 239, 212, '080', 0.9978109002113342, 17]
[28, 129, 127, 147, 'REGISTRO:', 0.998696506023407, 13]
[25, 163, 84, 186, 'LIBRO', 0.9986516833305359, 17]
[86, 160, 148, 185, 'NUM.:', 0.6943157911300659, 18]
[25, 200, 81, 223, 'FOJA', 0.9959930181503296, 17]
[83, 197, 145, 221, 'NUM.:', 0.6761559247970581, 18]
[27, 238, 101, 256, 'LUGAR:', 0.9343740940093994, 13]
[28, 274, 100, 292, 'FECHA:', 0.7138488292694092, 13]
[192, 227, 290, 250, 'XALAPA,', 0.9686723947525024, 17]
[293, 229, 408, 247, 'VERACRUZ', 0.982973575592041, 13]
[190, 262, 337, 289, '2012/12/14', 0.7531760334968567, 20]
[133, 298, 401, 359, 'Aepercich', 0.2446529120206833, 45]
[98, 359, 193, 388, 'ALFONSO', 0.9051536917686462, 21]
[195, 360, 316, 383, 'HERNANDEZ', 0.9931449890136719, 17]
[314, 357, 405, 384, 'TOLEDO', 0.8311830163002014, 20]
[162, 406, 302, 427, 'SUBDIRECTOR', 0.8521931767463684, 15]
[243, 430, 272, 442, 'wDas', 0.5706140995025635, 9]
[694, 233, 766, 256, 'CLAVE', 0.9973280429840088, 17]
[764, 232, 797, 257, 'DE', 0.9997274279594421, 18]
[797, 235, 881, 253, 'CENTRO', 0.9910180568695068, 13]
[882, 233, 915, 256, 'DE', 0.9621806144714355, 17]
[912, 235, 1011, 253, 'TRABAJO:', 0.9995753169059753, 13]
[694, 306, 750, 328, 'PLAN', 0.9932318925857544, 16]
[752, 306, 782, 327, 'DE', 0.9988160133361816, 15]
[784, 307, 879, 325, 'ESTUDIOS:', 0.9720951914787292, 13]
[697, 339, 838, 362, 'GENERACION:', 0.9653878211975098, 17]
[694, 374, 750, 403, 'ANO', 0.9990496039390564, 21]
[747, 377, 782, 403, 'DE', 0.9992271661758423, 19]
[782, 380, 867, 398, 'EGRESO:', 0.9988189339637756, 13]
[731, 439, 790, 462, 'ACTA', 0.999372661113739, 17]
[793, 439, 823, 460, 'DE', 0.9972518086433411, 15]
[825, 440, 906, 459, 'EXAMEN', 0.9592005610466003, 14]
[911, 437, 1047, 459, 'PROFESIONAL', 0.9893503785133362, 16]
[876, 466, 973, 484, 'E12300032', 0.9691344499588013, 13]
[881, 498, 976, 516, '2012/08/14', 0.8815549612045288, 13]
[934, 527, 1002, 545, 'XALAPA,', 0.9994654059410095, 13]
[879, 575, 946, 593, 'U38288', 0.9283662438392639, 13]
[696, 472, 756, 496, 'NUM.:', 0.9572397470474243, 18]
[697, 513, 769, 531, 'FECHA:', 0.9990851879119873, 13]
[697, 581, 761, 605, 'TITULO', 0.970735490322113, 18]
[764, 581, 825, 605, 'NUM.:', 0.9455066919326782, 18]
[222, 533, 305, 562, 'S.E.V.', 0.9913246631622314, 21]
[195, 557, 310, 580, 'SUBDIRECCION', 0.48712772130966187, 17]
[305, 563, 330, 580, 'DE', 0.9974786639213562, 12]
[163, 574, 292, 596, 'ADMINISTRACIONI', 0.5698511600494385, 16]
[287, 577, 361, 599, 'ESCOLAR', 0.9991570711135864, 16]
[207, 593, 313, 633, 'Veplf', 0.2904888987541199, 30]
[697, 549, 791, 568, 'EXPEDIDA', 0.9971109628677368, 14]
[794, 546, 831, 571, 'EN:', 0.7472131252288818, 18]
[835, 545, 921, 563, 'VERACRUZ', 0.9992419481277466, 13]
[920, 545, 947, 563, 'DE', 0.9994869232177734, 13]
[947, 545, 1014, 562, 'IGNACIO', 0.9977974891662598, 12]
[1014, 543, 1040, 563, 'DE', 0.9999774694442749, 15]
[1038, 543, 1062, 563, 'LA', 0.9997479319572449, 15]
[1062, 543, 1114, 562, 'LLAVE', 0.876217246055603, 14]
[781, 643, 835, 661, 'PARA', 0.9937896132469177, 13]
[838, 642, 873, 661, 'SER', 0.9997312426567078, 14]
[878, 643, 968, 661, 'LLENADO', 0.9949983358383179, 13]
[974, 642, 1018, 663, 'POR', 0.9989919066429138, 15]
[1020, 642, 1058, 661, 'LAS', 0.9978033900260925, 14]
[799, 668, 894, 686, 'ESCUELAS', 0.9930099248886108, 13]
[897, 666, 1038, 687, 'PARTICULARES', 0.5833443403244019, 15]
[713, 730, 838, 752, 'AUTORIZACION', 0.6071848273277283, 16]
[849, 733, 946, 751, 'OTORGADA', 0.9799331426620483, 13]
[959, 733, 1006, 749, 'PARA', 0.9804731011390686, 12]
[1018, 733, 1091, 749, 'IMPARTIR', 0.8368909955024719, 12]
[1102, 731, 1127, 751, 'LA', 0.9982413053512573, 15]
[713, 749, 817, 772, 'EDUCACION', 0.7332228422164917, 17]
[822, 752, 896, 770, 'NORMAL', 0.9951671361923218, 13]
[900, 752, 940, 770, 'QUE', 0.9944196343421936, 13]
[944, 752, 1024, 769, 'RESPALDA', 0.989953339099884, 12]
[1032, 751, 1070, 770, 'ESTE', 0.9890609979629517, 14]
[1073, 751, 1127, 769, 'TITULO', 0.9971670508384705, 13]
[713, 792, 796, 810, 'ACUERDO', 0.5732770562171936, 13]
[797, 789, 849, 811, 'NUM.:', 0.5285573601722717, 16]
[711, 840, 772, 858, 'FECHA:', 0.999832272529602, 13]
[869, 892, 899, 920, '', 0.21896347403526306, 21]
[195, 919, 321, 940, 'SUBSECRETARIA', 0.4416764974594116, 15]
[314, 920, 343, 938, 'DEI', 0.8040100336074829, 13]
[339, 916, 508, 938, 'EDVCACIONSUVERIOR', 0.3356895446777344, 16]
[209, 934, 298, 952, 'DIRECCIONI', 0.5021541118621826, 13]
[292, 932, 371, 951, 'GENERALI', 0.8293812870979309, 14]
[369, 934, 395, 948, 'DEI', 0.587793231010437, 10]
[389, 931, 496, 949, 'PROPESIONES', 0.9971068501472473, 13]
[62, 923, 118, 952, 'SEP', 0.9991359114646912, 21]
[13, 1001, 57, 1019, 'BAJO', 0.9853864908218384, 13]
[56, 1002, 77, 1017, 'ELI', 0.9056145548820496, 11]
[77, 999, 142, 1017, 'NUMERO', 0.8797948360443115, 13]
[16, 1022, 77, 1040, 'CÉDULAI', 0.8628779053688049, 13]
[74, 1022, 103, 1041, 'No.', 0.9965465664863586, 14]
[13, 958, 65, 976, 'REGIST', 0.9980432987213135, 13]
[57, 958, 92, 976, 'TRO', 0.5815110802650452, 13]
[92, 958, 116, 975, 'DE', 0.5550236701965332, 12]
[115, 957, 165, 975, 'FOJAS', 0.9993840456008911, 13]
[178, 955, 213, 975, '399', 0.9997822642326355, 15]
[222, 955, 257, 973, 'DELI', 0.7985346913337708, 13]
[252, 954, 301, 972, 'LIBRO', 0.9989776611328125, 13]
[325, 952, 357, 972, '968', 0.9458513259887695, 15]
[15, 979, 92, 996, 'REGISTRO', 0.917201042175293, 12]
[92, 979, 116, 996, 'DE', 0.9865052103996277, 12]
[115, 976, 178, 994, 'TITULOS', 0.975590705871582, 13]
[177, 976, 193, 993, 'Y', 0.9887250065803528, 12]
[189, 976, 255, 993, 'GRADOS', 0.9998123049736023, 12]
[257, 973, 354, 991, 'ACADÉMICOS', 0.7592192888259888, 13]
[16, 1043, 77, 1061, 'MEXICO,', 0.5636730790138245, 13]
[77, 1041, 112, 1061, 'D.F.,', 0.9869261980056763, 15]
[110, 1041, 127, 1060, 'A', 0.9961591958999634, 14]
[127, 1041, 145, 1058, '10', 0.9999226331710815, 12]
[146, 1041, 168, 1057, 'DE', 0.9988308548927307, 12]
[168, 1038, 224, 1057, 'MARZO', 0.615677535533905, 14]
[224, 1040, 248, 1057, 'DE:', 0.9922629594802856, 12]
[245, 1038, 286, 1057, '2016.', 0.9967946410179138, 14]
[66, 1106, 139, 1129, 'ANALISIA', 0.8312296867370605, 17]
[134, 1105, 207, 1128, 'ALCARAZI', 0.848269522190094, 17]
[204, 1106, 262, 1125, 'MUJICA', 0.7859266996383667, 14]
[103, 1126, 127, 1146, 'EL', 0.9932471513748169, 15]
[125, 1126, 177, 1144, 'REGIST', 0.9997890591621399, 13]
[169, 1125, 234, 1143, 'TRADOR', 0.9995754361152649, 13]
[19, 1162, 57, 1175, 'Cadena', 0.9970985651016235, 9]
[56, 1161, 98, 1178, 'original:.', 0.6951766014099121, 12]
[95, 1159, 134, 1175, 'JASIBE', 0.9462495446205139, 12]
[131, 1156, 178, 1173, 'MYRIAM.', 0.9956901669502258, 12]
[177, 1158, 216, 1173, 'JAIMES', 0.8780785799026489, 11]
[213, 1155, 314, 1173, 'SANCHEZ399,96815', 0.5332652926445007, 13]
[764, 948, 820, 966, 'FIDEL', 0.999705970287323, 13]
[822, 943, 944, 966, 'HERNANDEZ', 0.9879403114318848, 17]
[944, 943, 1062, 966, 'FERNANDEZ', 0.9925962686538696, 17]
[793, 988, 891, 1007, 'DIRECTOR', 0.999239444732666, 14]
[894, 987, 925, 1007, 'DE', 0.9995935559272766, 15]
[925, 987, 953, 1007, 'LA', 0.9966168999671936, 15]
[955, 988, 1044, 1005, 'ESCUELA', 0.9944446682929993, 12]
[175, 996, 190, 1016, '5', 0.9999133348464966, 15]
[175, 1016, 245, 1038, '09687168', 0.9993982315063477, 16]
[410, 988, 486, 1007, '09687168', 0.9882963299751282, 14]
[437, 1094, 455, 1106, 'SEP', 0.9997294545173645, 9]
[364, 1105, 416, 1122, 'DIRECCION', 0.8485969305038452, 12]
[410, 1103, 457, 1120, 'GENERALD', 0.6255919337272644, 12]
[452, 1103, 469, 1119, 'DEF', 0.5616644620895386, 12]
[466, 1103, 529, 1120, 'PROFESIONES', 0.9972689747810364, 12]
[383, 1116, 457, 1134, 'DEPARTAMENTOD', 0.9968430995941162, 13]
[451, 1116, 469, 1131, 'DEF', 0.9856705069541931, 11]
[464, 1117, 510, 1129, 'REGISTRO', 0.9942236542701721, 9]
[18, 1147, 45, 1161, 'Para', 0.7128497362136841, 10]
[41, 1146, 89, 1162, 'consultare', 0.8658266067504883, 12]
[84, 1144, 112, 1162, 'estac', 0.6607064008712769, 13]
[107, 1146, 142, 1159, 'cédula', 0.8692865967750549, 9]
[139, 1143, 195, 1161, 'profesional,', 0.9806337952613831, 13]
[195, 1144, 222, 1158, 'visite', 0.9944503307342529, 10]
[219, 1144, 234, 1158, 'lap', 0.9972358345985413, 10]
[231, 1144, 265, 1158, 'pagina', 0.7444825172424316, 10]
[263, 1143, 281, 1158, 'eni', 0.9788377285003662, 11]
[278, 1143, 318, 1158, 'interneth', 0.8678252696990967, 11]
[311, 1141, 367, 1158, 'http.www.c', 0.4044337868690491, 12]
[360, 1140, 448, 1156, 'ceduiaprofesional.s', 0.5009710788726807, 12]
[443, 1141, 467, 1155, 'sepg', 0.4837224781513214, 10]
[460, 1138, 489, 1156, 'gob.m', 0.5054535269737244, 13]
[483, 1140, 501, 1153, 'mx', 0.9749189019203186, 9]
[890, 1147, 946, 1178, 'SEV', 0.9966805577278137, 23]
[850, 1181, 928, 1199, 'BENEMERITA', 0.9981275200843811, 13]
[926, 1181, 985, 1199, 'ESCUELH', 0.9342313408851624, 13]
[846, 1199, 900, 1217, 'NORMAL', 0.9970688223838806, 13]
[899, 1199, 990, 1215, 'VERACRUZANA', 0.9787606596946716, 12]
[844, 1217, 903, 1234, '"ENRIQUE', 0.9681426882743835, 12]
[899, 1214, 920, 1237, 'C.', 0.9502490758895874, 17]
[917, 1215, 988, 1234, 'REBSAMEN', 0.9849852323532104, 14]
[862, 1234, 974, 1252, 'DIRECCION', 0.9948484897613525, 13]
[700, 1308, 764, 1331, 'FOLIO', 0.9986061453819275, 17]
[784, 1288, 934, 1332, 'U38288', 0.9729971289634705, 33]
[711, 1397, 737, 1417, 'LA', 0.9577730298042297, 15]
[746, 1396, 831, 1414, 'EXPEDICION', 0.9869683384895325, 13]
[841, 1397, 872, 1415, 'DEL', 0.998418927192688, 13]
[881, 1397, 947, 1414, 'PRESENTE', 0.9997327923774719, 12]
[956, 1396, 1003, 1414, 'TITULO', 0.9844778776168823, 13]
[1014, 1397, 1068, 1414, 'QUEDA', 0.9983577132225037, 12]
[1077, 1396, 1129, 1414, 'SUJETA', 0.987556517124176, 13]
[713, 1420, 738, 1441, 'AL', 0.99952232837677, 15]
[743, 1421, 849, 1438, 'CUMPLIMIENTO', 0.9684759974479675, 12]
[858, 1421, 879, 1436, 'DE', 0.9989694356918335, 11]
[885, 1420, 915, 1438, 'LAS', 0.9997066855430603, 13]
[921, 1421, 988, 1438, 'NORMAS', 0.9948979020118713, 12]
[996, 1420, 1061, 1436, 'EMITIDAS', 0.9983252882957458, 12]
[1067, 1418, 1102, 1438, 'POR', 0.9998377561569214, 15]
[1106, 1418, 1130, 1438, 'LA', 0.9977598190307617, 15]
[714, 1443, 797, 1461, 'SECRETARIA', 0.9941726326942444, 13]
[800, 1443, 826, 1462, 'DE', 0.9997612833976746, 14]
[829, 1443, 918, 1461, 'EDUCACION', 0.966029167175293, 13]
[925, 1443, 984, 1459, 'PUBLICA', 0.9992782473564148, 12]
[988, 1443, 1003, 1461, 'Y', 0.995648205280304, 13]
[1005, 1444, 1026, 1459, 'AL', 0.9993321299552917, 11]
[1030, 1443, 1077, 1461, 'PAGO', 0.9987200498580933, 13]
[1082, 1444, 1106, 1461, 'DE', 0.9977768063545227, 12]
[1108, 1444, 1129, 1459, 'LA', 0.9861868619918823, 11]
[714, 1467, 767, 1485, 'CUOTA', 0.991015613079071, 13]
[772, 1467, 862, 1483, 'ESTABLECIDA', 0.9856137633323669, 12]
[867, 1468, 899, 1482, 'POR', 0.9540027379989624, 10]
[902, 1468, 923, 1483, 'LA', 0.9908965229988098, 11]
[928, 1468, 953, 1482, 'LEY', 0.9972739815711975, 10]
[956, 1467, 1018, 1483, 'FEDERAL', 0.9996424913406372, 12]
[1021, 1467, 1046, 1483, 'DE', 0.9994617104530334, 12]
[1047, 1467, 1127, 1483, 'DERECHOS.', 0.9990795850753784, 12]
[178, 1433, 246, 1450, 'REGISTRO', 0.9993354678153992, 12]
[245, 1432, 269, 1452, 'DE', 0.9999734163284302, 15]
[268, 1430, 290, 1452, 'LA', 0.6919261813163757, 16]
[289, 1430, 371, 1449, 'DIRECCION', 0.9813764691352844, 14]
[183, 1450, 251, 1467, 'GENERALI', 0.7201880812644958, 12]
[249, 1450, 274, 1467, 'DEI', 0.6704818606376648, 12]
[272, 1450, 366, 1467, 'PROFESIONES', 0.9729929566383362, 12]
[130, 1523, 216, 1539, 'ESTETITULOES', 0.653441846370697, 12]
[213, 1523, 295, 1539, 'VALIDOENLOSE', 0.9986788630485535, 12]
[290, 1523, 345, 1539, 'ESTADOSU', 0.9368138909339905, 12]
[339, 1523, 387, 1539, 'UNIDOSN', 0.9935171604156494, 12]
[378, 1523, 529, 1539, 'MEXCAMOSYNOREQUERE', 0.6519626379013062, 12]
[525, 1521, 670, 1538, 'TRAMTESADCIONALESDEI', 0.5058097839355469, 12]
[663, 1521, 747, 1538, 'LEGALIZACION,', 0.5864794254302979, 12]
[741, 1520, 808, 1538, 'NODEBERA', 0.407270610332489, 13]
[803, 1520, 1044, 1536, 'PRESEMTARBORRADURASOENVENDADURAS', 0.46144241094589233, 12]
