[541, 146, 565, 167, 'Els', 0.9936495423316956, 15]
[559, 148, 608, 165, 'suscrito', 0.997996985912323, 12]
[603, 146, 651, 165, 'Oficial', 0.9546408653259277, 14]
[647, 148, 690, 167, 'Mayor', 0.8729148507118225, 14]
[687, 148, 706, 165, 'de', 0.9999938011169434, 12]
[705, 146, 722, 165, 'la', 0.9510077238082886, 14]
[717, 146, 792, 163, 'Universidad', 0.9984311461448669, 12]
[790, 144, 866, 163, 'Veracruzana', 0.998691976070404, 14]
[863, 144, 916, 162, 'certifica', 0.6064428687095642, 13]
[914, 144, 936, 160, 'los', 0.991919994354248, 12]
[933, 141, 987, 160, 'estudios', 0.9929868578910828, 14]
[984, 143, 1006, 159, 'de:', 0.8413989543914795, 12]
[543, 167, 581, 186, 'Pablo', 0.8674600720405579, 14]
[578, 167, 619, 186, 'Hiram', 0.9237768650054932, 14]
[616, 167, 670, 186, 'Cadenas', 0.9988824725151062, 14]
[668, 167, 716, 186, 'Vicarte', 0.9922349452972412, 14]
[543, 187, 586, 206, 'Titulo:', 0.9985260963439941, 14]
[584, 187, 654, 206, 'Licenciado', 0.8957352638244629, 14]
[649, 189, 668, 205, 'en', 0.9990429282188416, 12]
[667, 187, 730, 205, 'Educacion', 0.8830879926681519, 13]
[728, 186, 779, 205, 'Musical', 0.9807584881782532, 14]
[543, 205, 625, 222, 'Nacionalidad:', 0.993213415145874, 12]
[624, 205, 686, 222, 'Mexicana', 0.7419317364692688, 12]
[543, 225, 584, 246, 'Fecha', 0.9744957089424133, 15]
[579, 227, 594, 244, 'y', 0.526484489440918, 12]
[589, 225, 625, 246, 'lugar', 0.9997692704200745, 15]
[622, 225, 641, 243, 'de', 0.9998888969421387, 13]
[638, 225, 708, 243, 'nacimiento:', 0.8815531134605408, 13]
[706, 224, 781, 243, '20/06/1987,', 0.9739894866943359, 14]
[778, 224, 827, 243, 'Xalapa,', 0.9937508702278137, 14]
[824, 222, 882, 241, 'Veracruz', 0.9417576193809509, 14]
[544, 246, 622, 265, 'Bachillerato:', 0.6289477348327637, 14]
[621, 244, 674, 268, 'Colegio', 0.8005662560462952, 18]
[671, 248, 744, 265, 'Preparatorio', 0.9985620379447937, 12]
[543, 267, 578, 290, 'Tipo', 0.9850777387619019, 17]
[573, 268, 592, 286, 'de', 0.99972003698349, 13]
[589, 267, 659, 286, 'Institucion:', 0.9516664743423462, 14]
[655, 265, 700, 284, 'Estatal', 0.9812836050987244, 14]
[543, 286, 594, 303, 'Entidad1', 0.45836663246154785, 12]
[590, 284, 659, 303, 'Federativa:', 0.8936566114425659, 14]
[657, 286, 714, 305, 'Veracruz', 0.9960914254188538, 14]
[544, 305, 597, 322, 'Periodo:', 0.9997134804725647, 12]
[595, 305, 662, 322, '2002-2005', 0.9827678799629211, 12]
[543, 328, 595, 348, 'Carrera:', 0.9984800219535828, 15]
[592, 328, 660, 348, 'Licenciado', 0.9368122816085815, 15]
[657, 330, 678, 346, 'en', 0.6831873059272766, 12]
[674, 328, 740, 346, 'Educacion!', 0.9194676876068115, 13]
[736, 327, 787, 346, 'Musical', 0.7891701459884644, 14]
[543, 352, 578, 376, 'Tipo', 0.9965093731880188, 18]
[573, 354, 592, 371, 'de', 0.9999314546585083, 12]
[590, 354, 660, 371, 'Institucion:.', 0.6055535674095154, 12]
[657, 352, 722, 371, 'Autônoma', 0.527259111404419, 14]
[544, 370, 594, 387, 'Entidad', 0.9468364119529724, 12]
[590, 370, 660, 389, 'Federativa:', 0.9922310709953308, 14]
[657, 370, 714, 389, 'Veracruz', 0.9886664152145386, 14]
[544, 390, 597, 409, 'Periodo:', 0.8964594602584839, 14]
[595, 390, 662, 409, '2006-2010', 0.9983348250389099, 14]
[544, 409, 595, 428, 'Examen', 0.8812862634658813, 14]
[594, 411, 660, 430, 'profesional', 0.9912665486335754, 14]
[659, 411, 673, 427, '0', 0.6630862951278687, 12]
[670, 409, 743, 428, 'equivalente:', 0.9996283054351807, 14]
[741, 406, 811, 425, '04/11/2020', 0.8557152152061462, 14]
[544, 441, 598, 460, 'Cumplio', 0.7958230376243591, 14]
[597, 444, 622, 459, 'con', 0.9934675097465515, 11]
[619, 444, 638, 459, 'su', 0.8909446001052856, 11]
[635, 440, 687, 459, 'Servicio', 0.949236273765564, 14]
[684, 440, 727, 459, 'Social', 0.9773315787315369, 14]
[724, 440, 782, 457, 'conforme', 0.9074578881263733, 12]
[779, 440, 793, 455, 'a', 0.9870540499687195, 11]
[790, 440, 813, 455, 'las', 0.9980315566062927, 11]
[811, 438, 890, 457, 'disposiciones', 0.6505892276763916, 14]
[890, 436, 935, 455, 'legales', 0.9960408210754395, 14]
[932, 435, 990, 454, 'relativas.', 0.642841637134552, 14]
[576, 498, 587, 508, 'a', 0.9912973642349243, 7]
[587, 492, 611, 513, 'de', 0.9998902082443237, 15]
[609, 492, 673, 516, 'Enriquey', 0.5848223567008972, 18]
[671, 490, 733, 514, 'Veracruz,', 0.37389227747917175, 18]
[727, 489, 784, 513, 'México,', 0.8350662589073181, 18]
[776, 489, 803, 509, 'a8', 0.9876355528831482, 15]
[797, 489, 820, 509, 'de', 0.9993701577186584, 15]
[817, 494, 859, 509, 'marzo', 0.9916523098945618, 11]
[852, 487, 876, 509, 'de', 0.9903064966201782, 16]
[871, 489, 905, 508, '2021', 0.9983982443809509, 14]
[352, 487, 433, 505, 'BVATI', 0.3111111521720886, 13]
[351, 573, 375, 594, '6', 0.6287598013877869, 15]
[322, 586, 408, 616, 'Oficialia', 0.9834943413734436, 22]
[403, 589, 470, 619, 'Mayor', 0.9999576807022095, 22]
[844, 746, 860, 760, 'lin', 0.24741782248020172, 10]
[917, 755, 927, 765, 'S', 0.1809210628271103, 7]
[822, 797, 898, 820, 'DIRECCION', 0.7437359094619751, 17]
[892, 800, 954, 824, 'GENERAL', 0.5972239971160889, 18]
[828, 816, 854, 836, '08', 0.36745524406433105, 15]
[844, 816, 947, 839, 'GOBERIACION', 0.8151049613952637, 17]
[701, 773, 790, 803, '76742', 0.9997184872627258, 22]
[795, 779, 852, 803, 'SUBSECH', 0.6571568250656128, 18]
[846, 779, 900, 805, 'ETARIA', 0.4117494523525238, 19]
[892, 781, 917, 803, 'DE', 0.9348059892654419, 16]
[913, 784, 984, 803, 'GOBIERNO', 0.9987940788269043, 14]
[508, 805, 601, 828, 'México', 0.9968705773353577, 17]
[495, 852, 614, 876, 'Apostille', 0.996259331703186, 18]
[494, 927, 562, 944, 'Derechos', 0.9999127388000488, 12]
[573, 925, 597, 946, '$9', 0.9942317605018616, 15]
[587, 925, 647, 944, '918.18', 0.9998502731323242, 14]
[492, 955, 521, 974, 'No.', 0.9896925091743469, 14]
[521, 957, 541, 973, 'de', 0.9642470479011536, 12]
[540, 955, 587, 974, 'Orden', 0.79669189453125, 14]
[600, 955, 694, 974, '1706/2022.', 0.7700522541999817, 14]
[289, 855, 332, 876, 'VER', 0.9999784231185913, 15]
[384, 876, 482, 895, '(Convention', 0.9940662384033203, 14]
[482, 874, 509, 895, 'de', 0.9998834133148193, 15]
[508, 876, 527, 893, 'la', 0.9992976188659668, 12]
[525, 874, 574, 898, 'Haye', 0.9999568462371826, 18]
[571, 874, 598, 897, 'du', 0.9983885288238525, 17]
[594, 873, 614, 897, '5', 0.9976956248283386, 18]
[611, 878, 674, 895, 'octobre', 0.9989053010940552, 12]
[674, 876, 727, 900, '1961)', 0.9990756511688232, 18]
[190, 912, 252, 932, 'FFFIFEE', 0.335628867149353, 15]
[205, 928, 251, 947, '', 0.2608044445514679, 14]
[195, 1000, 211, 1014, '-', 0.3330302834510803, 10]
[263, 982, 289, 1005, 'En', 0.9956955909729004, 17]
[287, 984, 341, 1003, 'México', 0.826662003993988, 14]
[340, 984, 357, 1003, 'el', 0.9987240433692932, 14]
[357, 985, 419, 1005, 'presente', 0.9995208978652954, 15]
[419, 985, 498, 1003, 'documento', 0.9988170862197876, 13]
[498, 985, 549, 1005, 'publico', 0.9973880648612976, 15]
[549, 984, 573, 1005, 'ha', 0.9990527033805847, 15]
[570, 984, 603, 1005, 'sido', 0.99925297498703, 15]
[601, 985, 657, 1005, 'firmado', 0.9833807945251465, 15]
[262, 1043, 308, 1065, 'quien', 0.9959806203842163, 16]
[305, 1043, 349, 1062, 'actua', 0.7806621789932251, 14]
[346, 1046, 371, 1063, 'en', 0.9996073842048645, 12]
[367, 1043, 422, 1062, 'calidad', 0.9960997104644775, 14]
[421, 1044, 441, 1060, 'de', 0.9999493360519409, 12]
[467, 1049, 536, 1066, 'OFICIAL', 0.9959424138069153, 12]
[535, 1049, 595, 1068, 'MAYOR', 0.965692400932312, 14]
[594, 1049, 622, 1068, 'DE', 0.9899993538856506, 14]
[621, 1052, 643, 1068, 'LA', 0.9997099041938782, 12]
[643, 1051, 759, 1070, 'UNIVERSIDAD', 0.9993041753768921, 14]
[257, 1131, 309, 1157, 'yestà', 0.9180601239204407, 19]
[306, 1133, 371, 1152, 'revestido', 0.6869097352027893, 14]
[370, 1131, 397, 1152, 'del', 0.6980838775634766, 15]
[394, 1133, 430, 1152, 'sello', 0.9408359527587891, 14]
[430, 1135, 538, 1154, 'correspondiente', 0.9738340973854065, 14]
[536, 1136, 551, 1152, 'a', 0.999572217464447, 12]
[573, 1139, 598, 1157, 'LA', 0.7172301411628723, 13]
[595, 1139, 684, 1157, 'OFICIALIA', 0.9992669224739075, 13]
[682, 1139, 744, 1158, 'MAYOR', 0.9999208450317383, 14]
[743, 1141, 771, 1160, 'DE', 0.9999715089797974, 14]
[770, 1143, 795, 1160, 'LA', 0.9998149275779724, 12]
[262, 1192, 340, 1209, 'Certificado', 0.5399110913276672, 12]
[338, 1193, 360, 1209, 'en', 0.9999419450759888, 12]
[368, 1195, 422, 1212, 'XALAPA', 0.9981549382209778, 12]
[417, 1195, 454, 1214, 'EQZ.,', 0.9803571105003357, 14]
[452, 1195, 490, 1214, 'VER.,', 0.9925221800804138, 14]
[487, 1197, 509, 1212, 'DE', 0.5400347113609314, 11]
[508, 1195, 548, 1214, 'L.DEL', 0.5108190774917603, 14]
[540, 1197, 565, 1214, 'LAI', 0.6553786396980286, 12]
[557, 1197, 603, 1214, 'LLAVE', 0.999491810798645, 12]
[613, 1195, 644, 1217, 'Ror', 0.870731770992279, 16]
[655, 1195, 705, 1219, 'ELC.', 0.9786370992660522, 18]
[701, 1198, 755, 1217, 'MTRO.', 0.9969512224197388, 14]
[755, 1200, 830, 1219, 'ALBERTO', 0.999929666519165, 14]
[292, 1216, 351, 1235, 'ANGEL', 0.9982835054397583, 14]
[349, 1216, 408, 1235, 'COBOS', 0.9850006103515625, 14]
[408, 1214, 492, 1238, 'MARQUEZ,', 0.9941902160644531, 18]
[494, 1217, 578, 1236, 'DIRECTOR', 0.9983843564987183, 14]
[574, 1216, 655, 1239, 'GENERAL', 0.897901713848114, 17]
[654, 1220, 679, 1238, 'DE', 0.9999843835830688, 13]
[678, 1217, 800, 1241, 'GOBERNACION', 0.5186411738395691, 18]
[133, 1022, 251, 1046, 'ERFFUIEETEVE', 0.3869272768497467, 18]
[262, 1016, 294, 1035, 'por', 0.647395670413971, 14]
[314, 1017, 360, 1039, 'ELC.', 0.9928997755050659, 16]
[357, 1017, 395, 1036, 'LIC.', 0.9909909963607788, 14]
[394, 1019, 459, 1036, 'CARLOS', 0.9477482438087463, 12]
[459, 1019, 527, 1036, 'ARTURO', 0.9965012073516846, 12]
[527, 1017, 586, 1036, 'GOMEZ', 0.9165647029876709, 14]
[586, 1020, 660, 1038, 'VIGNOLA', 0.9867000579833984, 13]
[308, 1073, 429, 1090, 'VERACRUZANA', 0.9723353981971741, 12]
[295, 1162, 413, 1179, 'UNIVERSIDAD', 0.8490031361579895, 12]
[411, 1162, 532, 1181, 'VERACRUZANA', 0.939876139163971, 14]
[205, 1252, 248, 1273, 'ECIT', 0.4059891104698181, 15]
[419, 1249, 443, 1270, 'el', 0.9957211017608643, 15]
[457, 1254, 484, 1274, '04', 0.9999091625213623, 15]
[535, 1252, 559, 1273, 'de', 0.9995889067649841, 15]
[516, 1325, 582, 1350, 'Firma', 0.9994482398033142, 18]
[608, 1252, 663, 1276, 'MAYO', 0.99992835521698, 18]
[746, 1257, 768, 1273, 'de', 0.9997170567512512, 12]
[786, 1257, 836, 1276, '2022.', 0.999553382396698, 14]
[117, 1387, 221, 1411, 'SUBSECRETARIA:', 0.8091079592704773, 18]
[214, 1389, 238, 1409, 'DE', 0.999718964099884, 15]
[233, 1390, 303, 1408, 'GOBIERNO', 0.9906415343284607, 13]
[148, 1408, 217, 1427, 'DIRECCION', 0.6546134352684021, 14]
[214, 1408, 275, 1427, 'CENERAL', 0.9625425338745117, 14]
[152, 1423, 268, 1447, 'CEGOBERNACION', 0.6132580637931824, 18]
[908, 1458, 957, 1493, 'No.', 0.6744126081466675, 26]
[955, 1462, 1036, 1492, '193390', 0.9935856461524963, 22]
[995, 1511, 1036, 1538, 'UV', 0.9997909665107727, 20]
