[604, 188, 636, 220, '&', 0.6585907936096191, 24]
[720, 185, 759, 206, '0ma', 0.20791248977184296, 15]
[663, 209, 832, 237, 'MIVERSTDRD', 0.5409971475601196, 21]
[845, 190, 869, 218, '6', 0.8723915219306946, 21]
[807, 234, 826, 252, 'N', 0.9501559734344482, 13]
[601, 350, 629, 380, '@', 0.9961556792259216, 22]
[845, 351, 870, 377, '9', 0.8402098417282104, 19]
[709, 383, 740, 404, ':', 0.5103439092636108, 15]
[736, 380, 780, 410, 'ARE', 0.6541098356246948, 22]
[661, 415, 679, 429, 'G', 0.4992638826370239, 10]
[129, 581, 166, 611, 'La', 0.999881386756897, 22]
[174, 568, 430, 614, 'Universidad', 0.977581262588501, 34]
[446, 568, 720, 619, 'Veracruzana', 0.9995867609977722, 38]
[148, 619, 170, 635, 'en', 0.9998724460601807, 12]
[170, 621, 200, 635, 'uso', 0.9997884631156921, 10]
[199, 614, 224, 636, 'de', 0.999559223651886, 16]
[223, 613, 250, 636, 'las', 0.9961846470832825, 17]
[250, 616, 345, 635, 'atribuciones', 0.9874247908592224, 14]
[345, 619, 379, 643, 'que', 0.9998192191123962, 18]
[375, 614, 397, 638, 'le', 0.9987745881080627, 18]
[395, 617, 460, 636, 'concede', 0.9672533273696899, 14]
[459, 619, 482, 640, 'su', 0.9893284440040588, 15]
[479, 616, 517, 641, 'Ley', 0.9991908669471741, 18]
[516, 619, 587, 638, 'Orgânica', 0.4691812992095947, 14]
[584, 617, 604, 641, 'ye', 0.8305390477180481, 18]
[598, 619, 623, 640, 'en', 0.9986261129379272, 15]
[622, 616, 663, 636, 'vista', 0.9998718500137329, 15]
[660, 614, 685, 638, 'de', 0.9999955892562866, 18]
[683, 619, 718, 643, 'que', 0.9998605251312256, 18]
[248, 693, 340, 722, 'Pablo', 0.975172221660614, 21]
[348, 693, 451, 723, 'Hiram', 0.9998525381088257, 22]
[459, 693, 593, 723, 'Cadenas', 0.9854474067687988, 22]
[598, 693, 717, 723, 'Vicarte', 0.9536672830581665, 22]
[316, 787, 384, 810, 'cumplio', 0.9490581154823303, 17]
[384, 792, 414, 806, 'con', 0.9976508021354675, 10]
[414, 787, 441, 807, 'los', 0.9838420152664185, 15]
[441, 787, 517, 810, 'requisitos', 0.9536178112030029, 17]
[517, 787, 585, 810, 'exigidos', 0.9995777010917664, 17]
[582, 790, 615, 810, 'por', 0.9955509901046753, 15]
[612, 785, 633, 809, 'la', 0.9919147491455078, 18]
[631, 787, 717, 810, 'legislaciôn', 0.5545380711555481, 17]
[498, 812, 623, 836, 'correspondiente,', 0.9949308037757874, 18]
[623, 810, 644, 834, 'le', 0.9999271631240845, 18]
[642, 812, 698, 836, 'expide', 0.9943715333938599, 18]
[696, 810, 717, 834, 'el', 0.9996786117553711, 18]
[487, 855, 557, 879, 'TITULO', 0.8246832489967346, 18]
[555, 858, 580, 879, 'de', 0.9661273956298828, 15]
[580, 860, 690, 879, 'LICENCIADO', 0.7790335416793823, 14]
[691, 863, 713, 879, 'en', 0.9999401569366455, 12]
[409, 891, 582, 920, 'EDUCACION', 0.9924423694610596, 21]
[587, 896, 717, 920, 'MUSICAL', 0.9157664179801941, 18]
[438, 966, 476, 991, '"Lis', 0.923223078250885, 18]
[471, 967, 498, 989, 'de', 0.9999651908874512, 16]
[498, 969, 572, 988, 'Veracruz:', 0.9516364932060242, 14]
[572, 969, 615, 989, 'Arte,', 0.9998328685760498, 15]
[615, 967, 680, 991, 'Ciencia,', 0.5437028408050537, 18]
[679, 966, 720, 991, 'Luz"', 0.9996148347854614, 18]
[314, 999, 362, 1018, 'Xalapa', 0.9997785687446594, 14]
[365, 999, 386, 1015, 'de', 0.9998927116394043, 12]
[390, 996, 454, 1019, 'Enriquez,', 0.9928887486457825, 17]
[459, 997, 522, 1015, 'Veracruz,', 0.7107717990875244, 13]
[522, 997, 574, 1016, 'México,', 0.9973511695861816, 14]
[572, 999, 587, 1016, 'a', 0.9906328916549683, 12]
[582, 997, 598, 1015, '8', 0.998934805393219, 13]
[595, 996, 620, 1016, 'der', 0.8756600022315979, 15]
[615, 999, 661, 1016, 'marzo', 0.9675307869911194, 12]
[658, 996, 682, 1016, 'de', 0.998691976070404, 15]
[677, 996, 713, 1016, '2021', 0.7901352643966675, 15]
[805, 1034, 1000, 1057, "Unlaridid'aracuans", 0.3403569757938385, 17]
[721, 1290, 767, 1312, 'Dra.', 0.7219763994216919, 16]
[758, 1290, 800, 1311, 'Sara', 0.999956488609314, 15]
[800, 1289, 827, 1312, 'D.', 0.999700665473938, 17]
[827, 1289, 889, 1312, 'Ladron', 0.6490670442581177, 17]
[888, 1289, 916, 1311, 'de', 0.9948254823684692, 16]
[916, 1290, 986, 1309, 'Guevara', 0.9997518658638, 14]
[718, 1308, 775, 1331, 'Rectora', 0.9998385906219482, 17]
[791, 1436, 903, 1479, 'Tapde', 0.4827854633331299, 32]
[720, 1505, 786, 1523, 'Secretaria', 0.9965723752975464, 13]
[789, 1504, 859, 1523, 'Académica', 0.986402690410614, 14]
[721, 1482, 761, 1502, 'Dra.', 0.9982036352157593, 15]
[761, 1479, 813, 1504, 'Maria', 0.9997135996818542, 18]
[810, 1477, 900, 1507, 'Magdalena', 0.9997387528419495, 22]
[899, 1477, 995, 1505, 'Hernândez', 0.833339512348175, 21]
[992, 1479, 1060, 1502, 'Alarcôn', 0.9284908175468445, 17]
