1 0.042483660130718956 0.2866161616161616 0.08169934640522876 0.06313131313131314
1 0.3660130718954248 0.06060606060606061 0.08169934640522876 0.06313131313131314
1 0.5392156862745098 0.6022727272727273 0.26143790849673204 0.20202020202020202
0 0.6821895424836601 0.28724747474747475 0.2696078431372549 0.20833333333333334
0 0.7598039215686274 0.3560606060606061 0.16666666666666666 0.12878787878787878
0 0.36519607843137253 0.24053030303030304 0.17483660130718953 0.1351010101010101
0 0.5343137254901961 0.2563131313131313 0.2908496732026144 0.22474747474747475
2 0.5302287581699346 0.8099747474747475 0.15849673202614378 0.12247474747474747
2 0.27369281045751637 0.8112373737373737 0.22058823529411764 0.17045454545454544
3 0.8447712418300654 0.4027777777777778 0.1830065359477124 0.1414141414141414
