1 0.5645424836601307 0.4715909090909091 0.7107843137254902 0.5492424242424242
1 0.5514705882352942 0.3731060606060606 0.7271241830065359 0.5618686868686869
1 0.8913398692810458 0.5776515151515151 0.18790849673202614 0.1452020202020202
0 0.7075163398692811 0.38636363636363635 0.16993464052287582 0.13131313131313133
0 0.8063725490196079 0.3087121212121212 0.15849673202614378 0.12247474747474747
0 0.4305555555555556 0.5069444444444444 0.32189542483660133 0.24873737373737373
0 0.6225490196078431 0.8535353535353535 0.24509803921568626 0.1893939393939394
2 0.30800653594771243 0.3061868686868687 0.184640522875817 0.14267676767676768
2 0.16911764705882354 0.42234848484848486 0.24019607843137256 0.1856060606060606
3 0.6348039215686274 0.8705808080808081 0.14215686274509803 0.10984848484848485
