1 0.38807339449541284 0.5053835800807537 0.4935779816513762 0.3620457604306864
1 0.08073394495412844 0.3445491251682369 0.09174311926605505 0.06729475100942127
1 0.7623853211009174 0.8082099596231493 0.14862385321100918 0.10901749663526245
0 0.41926605504587156 0.40174966352624497 0.26605504587155965 0.19515477792732167
0 0.12752293577981652 0.14199192462987886 0.21467889908256882 0.15746971736204576
0 0.7055045871559633 0.15814266487213996 0.3577981651376147 0.26244952893674295
0 0.6752293577981652 0.38627187079407804 0.22018348623853212 0.16150740242261102
2 0.7880733944954128 0.6682368775235532 0.09357798165137615 0.06864064602960969
2 0.4614678899082569 0.34387617765814266 0.21467889908256882 0.15746971736204576
3 0.20275229357798166 0.5067294751009421 0.163302752293578 0.11978465679676985
