1 0.4559068219633943 0.8762626262626263 0.30282861896838603 0.2297979797979798
1 0.7387687188019967 0.7121212121212122 0.4425956738768719 0.33585858585858586
1 0.5291181364392679 0.28914141414141414 0.6855241264559068 0.5202020202020202
0 0.7554076539101497 0.6805555555555556 0.30282861896838603 0.2297979797979798
0 0.5732113144758736 0.4172979797979798 0.3144758735440932 0.23863636363636365
0 0.7296173044925125 0.4602272727272727 0.281198003327787 0.21338383838383837
0 0.78369384359401 0.4053030303030303 0.23960066555740434 0.18181818181818182
2 0.0973377703826955 0.3907828282828283 0.10815307820299501 0.08207070707070707
2 0.4925124792013311 0.702020202020202 0.18635607321131448 0.1414141414141414
3 0.6048252911813644 0.3503787878787879 0.10815307820299501 0.08207070707070707
