1 0.5394295302013423 0.4746287128712871 0.11241610738255034 0.08292079207920793
1 0.5469798657718121 0.4381188118811881 0.5503355704697986 0.40594059405940597
1 0.6426174496644296 0.42945544554455445 0.24161073825503357 0.1782178217821782
0 0.7911073825503355 0.6528465346534653 0.3104026845637584 0.22896039603960397
0 0.799496644295302 0.557549504950495 0.22986577181208054 0.16955445544554457
0 0.20889261744966442 0.2667079207920792 0.31711409395973156 0.23391089108910892
0 0.8296979865771812 0.8867574257425742 0.18624161073825504 0.1373762376237624
2 0.7583892617449665 0.24752475247524752 0.20134228187919462 0.1485148514851485
2 0.8087248322147651 0.21534653465346534 0.22818791946308725 0.16831683168316833
3 0.4899328859060403 0.40470297029702973 0.20134228187919462 0.1485148514851485
