1 0.6239600665557404 0.5845959595959596 0.4825291181364393 0.3661616161616162
1 0.6339434276206323 0.6856060606060606 0.39267886855241263 0.29797979797979796
1 0.435108153078203 0.4943181818181818 0.6206322795341098 0.47095959595959597
0 0.8768718801996672 0.8421717171717171 0.2129783693843594 0.16161616161616163
0 0.24875207986688852 0.514520202020202 0.281198003327787 0.21338383838383837
0 0.7171381031613977 0.5315656565656566 0.2961730449251248 0.22474747474747475
0 0.48668885191347755 0.9564393939393939 0.11148086522462562 0.0845959595959596
2 0.40266222961730447 0.23484848484848486 0.24292845257903495 0.18434343434343434
2 0.11647254575707154 0.7525252525252525 0.2129783693843594 0.16161616161616163
3 0.3161397670549085 0.6502525252525253 0.26955074875207985 0.20454545454545456
