1 0.09731543624161074 0.6171284634760705 0.1610738255033557 0.12090680100755667
1 0.3213087248322148 0.19080604534005038 0.4748322147651007 0.35642317380352645
1 0.6711409395973155 0.26700251889168763 0.29194630872483224 0.21914357682619648
0 0.7625838926174496 0.22858942065491183 0.1493288590604027 0.11209068010075567
0 0.6560402684563759 0.29093198992443325 0.13758389261744966 0.10327455919395466
0 0.18120805369127516 0.8727959697732998 0.2516778523489933 0.1889168765743073
0 0.4211409395973154 0.15869017632241814 0.32550335570469796 0.24433249370277077
2 0.12164429530201343 0.9099496221662469 0.14597315436241612 0.10957178841309824
2 0.9010067114093959 0.7657430730478589 0.16778523489932887 0.12594458438287154
3 0.5947986577181208 0.07115869017632241 0.11912751677852348 0.08942065491183879
