1 0.7071547420965059 0.34 0.5124792013311148 0.385
1 0.6123128119800333 0.14125 0.08319467554076539 0.0625
1 0.5457570715474209 0.445 0.46589018302828616 0.35
0 0.6663893510815307 0.490625 0.1713810316139767 0.12875
0 0.3843594009983361 0.82125 0.22296173044925124 0.1675
0 0.697171381031614 0.43 0.30615640599001664 0.23
0 0.5108153078202995 0.2675 0.13643926788685523 0.1025
2 0.24625623960066556 0.205 0.20632279534109818 0.155
2 0.12063227953410982 0.189375 0.11480865224625623 0.08625
3 0.23044925124792012 0.253125 0.16472545757071547 0.12375
