1 0.9493464052287581 0.8143939393939394 0.08169934640522876 0.06313131313131314
1 0.5065359477124183 0.8333333333333334 0.08169934640522876 0.06313131313131314
1 0.684640522875817 0.5063131313131313 0.08169934640522876 0.06313131313131314
0 0.19607843137254902 0.7878787878787878 0.30718954248366015 0.23737373737373738
0 0.5702614379084967 0.24621212121212122 0.2679738562091503 0.20707070707070707
0 0.47058823529411764 0.22095959595959597 0.08496732026143791 0.06565656565656566
0 0.7802287581699346 0.5460858585858586 0.184640522875817 0.14267676767676768
2 0.7156862745098039 0.23232323232323232 0.17973856209150327 0.1388888888888889
2 0.5089869281045751 0.22790404040404041 0.2238562091503268 0.17297979797979798
3 0.7303921568627451 0.6527777777777778 0.25163398692810457 0.19444444444444445
