1 0.49077181208053694 0.3188836104513064 0.41778523489932884 0.29572446555819476
1 0.5167785234899329 0.47268408551068886 0.5369127516778524 0.38004750593824227
1 0.21644295302013422 0.3646080760095012 0.2550335570469799 0.18052256532066507
0 0.41946308724832215 0.21377672209026127 0.28859060402684567 0.2042755344418052
0 0.575503355704698 0.34085510688836107 0.20134228187919462 0.14251781472684086
0 0.787751677852349 0.8830166270783848 0.15268456375838926 0.10807600950118765
0 0.6300335570469798 0.8663895486935868 0.17281879194630873 0.12232779097387174
2 0.14513422818791946 0.6181710213776722 0.16275167785234898 0.11520190023752969
2 0.5419463087248322 0.661520190023753 0.09395973154362416 0.0665083135391924
3 0.1837248322147651 0.35451306413301664 0.12919463087248323 0.09144893111638955
