1 0.6111111111111112 0.4220945083014049 0.4564102564102564 0.34099616858237547
1 0.33589743589743587 0.07854406130268199 0.11794871794871795 0.08812260536398467
1 0.37094017094017095 0.578544061302682 0.28717948717948716 0.21455938697318008
0 0.6923076923076923 0.7841634738186463 0.09230769230769231 0.06896551724137931
0 0.7760683760683761 0.45977011494252873 0.2188034188034188 0.16347381864623245
0 0.20427350427350427 0.5166028097062579 0.25811965811965815 0.19284802043422733
0 0.18974358974358974 0.13026819923371646 0.3316239316239316 0.24776500638569604
2 0.6555555555555556 0.644316730523627 0.28888888888888886 0.21583652618135377
2 0.3170940170940171 0.32630906768837803 0.24444444444444444 0.1826309067688378
3 0.4700854700854701 0.5964240102171137 0.11965811965811966 0.08939974457215837
