1 0.36661073825503354 0.40914489311163893 0.19630872483221476 0.13895486935866982
1 0.9093959731543624 0.14370546318289787 0.08389261744966443 0.05938242280285035
1 0.22651006711409397 0.5890736342042755 0.36577181208053694 0.2589073634204275
0 0.8447986577181208 0.24643705463182897 0.09899328859060402 0.07007125890736342
0 0.337248322147651 0.19596199524940616 0.22483221476510068 0.15914489311163896
0 0.18875838926174496 0.6383610451306413 0.3104026845637584 0.21971496437054633
0 0.08305369127516779 0.13598574821852732 0.12583892617449666 0.08907363420427554
2 0.5041946308724832 0.1324228028503563 0.23993288590604026 0.16983372921615203
2 0.7919463087248322 0.8586698337292161 0.2651006711409396 0.1876484560570071
3 0.22902684563758388 0.3497624703087886 0.27348993288590606 0.19358669833729217
