1 0.6511437908496732 0.37436868686868685 0.6584967320261438 0.5088383838383839
1 0.6625816993464052 0.31376262626262624 0.23039215686274508 0.17803030303030304
1 0.613562091503268 0.7304292929292929 0.5996732026143791 0.4633838383838384
0 0.5866013071895425 0.44191919191919193 0.31699346405228757 0.24494949494949494
0 0.3243464052287582 0.3440656565656566 0.1715686274509804 0.13257575757575757
0 0.41911764705882354 0.5359848484848485 0.12254901960784313 0.0946969696969697
0 0.20588235294117646 0.6224747474747475 0.11764705882352941 0.09090909090909091
2 0.7647058823529411 0.1755050505050505 0.22549019607843138 0.17424242424242425
2 0.3799019607843137 0.2316919191919192 0.2565359477124183 0.19823232323232323
3 0.1503267973856209 0.7196969696969697 0.18627450980392157 0.14393939393939395
