1 0.12745098039215685 0.5744949494949495 0.08169934640522876 0.06313131313131314
1 0.5727124183006536 0.9071969696969697 0.20751633986928106 0.16035353535353536
1 0.20669934640522875 0.20517676767676768 0.22712418300653595 0.1755050505050505
0 0.7124183006535948 0.31186868686868685 0.20261437908496732 0.15656565656565657
0 0.15604575163398693 0.4198232323232323 0.119281045751634 0.09217171717171717
0 0.315359477124183 0.6047979797979798 0.2777777777777778 0.21464646464646464
0 0.35947712418300654 0.22601010101010102 0.2908496732026144 0.22474747474747475
2 0.548202614379085 0.5208333333333334 0.25980392156862747 0.20075757575757575
2 0.5318627450980392 0.5928030303030303 0.20098039215686275 0.1553030303030303
3 0.619281045751634 0.2967171717171717 0.17647058823529413 0.13636363636363635
