1 0.8414429530201343 0.322477650063857 0.26677852348993286 0.20306513409961685
1 0.4798657718120805 0.7586206896551724 0.12080536912751678 0.09195402298850575
1 0.4983221476510067 0.2937420178799489 0.5234899328859061 0.39846743295019155
0 0.200503355704698 0.3888888888888889 0.2332214765100671 0.17752234993614305
0 0.6191275167785235 0.1136653895274585 0.24496644295302014 0.18646232439335889
0 0.7827181208053692 0.8039591315453385 0.08892617449664429 0.06768837803320563
0 0.22818791946308725 0.3116219667943806 0.2181208053691275 0.16602809706257982
2 0.23406040268456377 0.5574712643678161 0.20973154362416108 0.15964240102171137
2 0.27181208053691275 0.9259259259259259 0.15771812080536912 0.12005108556832694
3 0.3347315436241611 0.8282247765006385 0.27684563758389263 0.210727969348659
