1 0.5270833333333333 0.4725433526011561 0.5791666666666667 0.40173410404624277
1 0.8760416666666667 0.17702312138728324 0.20625 0.1430635838150289
1 0.54375 0.8930635838150289 0.1375 0.0953757225433526
0 0.6604166666666667 0.3627167630057804 0.3625 0.2514450867052023
0 0.6802083333333333 0.851878612716763 0.22708333333333333 0.157514450867052
0 0.7635416666666667 0.648121387283237 0.40208333333333335 0.27890173410404623
0 0.3645833333333333 0.39739884393063585 0.4041666666666667 0.28034682080924855
2 0.684375 0.8721098265895953 0.22291666666666668 0.1546242774566474
2 0.559375 0.19436416184971098 0.2604166666666667 0.18063583815028902
3 0.2989583333333333 0.6206647398843931 0.20208333333333334 0.14017341040462428
