1 0.7795414462081128 0.27100271002710025 0.08818342151675485 0.06775067750677506
1 0.6313932980599647 0.6517615176151762 0.2716049382716049 0.2086720867208672
1 0.10582010582010581 0.32113821138211385 0.08818342151675485 0.06775067750677506
0 0.6640211640211641 0.33807588075880757 0.2768959435626102 0.2127371273712737
0 0.3941798941798942 0.6280487804878049 0.16049382716049382 0.12330623306233063
0 0.20987654320987653 0.516260162601626 0.25044091710758376 0.19241192411924118
0 0.36948853615520283 0.4437669376693767 0.3333333333333333 0.25609756097560976
2 0.8209876543209876 0.5426829268292683 0.2345679012345679 0.1802168021680217
2 0.48500881834215165 0.47560975609756095 0.30687830687830686 0.23577235772357724
3 0.09964726631393298 0.3895663956639566 0.15343915343915343 0.11788617886178862
