1 0.6006711409395973 0.5748218527315915 0.6543624161073825 0.46318289786223277
1 0.5570469798657718 0.8218527315914489 0.18791946308724833 0.1330166270783848
1 0.5637583892617449 0.6413301662707839 0.7986577181208053 0.5653206650831354
0 0.5461409395973155 0.5682897862232779 0.09563758389261745 0.06769596199524941
0 0.21140939597315436 0.6460807600950119 0.13087248322147652 0.09263657957244656
0 0.5578859060402684 0.4578384798099763 0.31711409395973156 0.22446555819477435
0 0.4748322147651007 0.6306413301662708 0.22818791946308725 0.16152019002375298
2 0.11325503355704698 0.2975059382422803 0.20973154362416108 0.14845605700712589
2 0.572986577181208 0.23693586698337293 0.2701342281879195 0.19121140142517815
3 0.29278523489932884 0.20843230403800475 0.23993288590604026 0.16983372921615203
