1 0.6493288590604027 0.5530012771392082 0.6812080536912751 0.5185185185185185
1 0.45805369127516776 0.3065134099616858 0.6644295302013423 0.5057471264367817
1 0.6057046979865772 0.6909323116219668 0.6912751677852349 0.5261813537675607
0 0.8439597315436241 0.7407407407407407 0.28523489932885904 0.21711366538952745
0 0.2181208053691275 0.2962962962962963 0.2516778523489933 0.19157088122605365
0 0.4974832214765101 0.37484035759897827 0.15604026845637584 0.11877394636015326
0 0.4815436241610738 0.2962962962962963 0.11073825503355705 0.0842911877394636
2 0.6912751677852349 0.40102171136653897 0.18791946308724833 0.14303959131545338
2 0.6291946308724832 0.41507024265644954 0.22818791946308725 0.17369093231162197
3 0.6921140939597316 0.4399744572158365 0.23993288590604026 0.1826309067688378
