1 0.6048657718120806 0.6479140328697851 0.38422818791946306 0.2895069532237674
1 0.3674496644295302 0.5903919089759798 0.6174496644295302 0.46523388116308473
1 0.4261744966442953 0.5524652338811631 0.08389261744966443 0.0632111251580278
0 0.8078859060402684 0.7250316055625791 0.19966442953020133 0.1504424778761062
0 0.38674496644295303 0.2914032869785082 0.17281879194630873 0.1302149178255373
0 0.6350671140939598 0.5240202275600506 0.17281879194630873 0.1302149178255373
0 0.23657718120805368 0.672566371681416 0.09731543624161074 0.07332490518331226
2 0.7592281879194631 0.41782553729456384 0.27348993288590606 0.20606826801517067
2 0.8481543624161074 0.5619469026548672 0.2802013422818792 0.2111251580278129
3 0.24916107382550334 0.8451327433628318 0.22651006711409397 0.1706700379266751
