1 0.6576797385620915 0.7619949494949495 0.21405228758169934 0.16540404040404041
1 0.380718954248366 0.6679292929292929 0.08169934640522876 0.06313131313131314
1 0.6356209150326797 0.32323232323232326 0.43137254901960786 0.3333333333333333
0 0.5334967320261438 0.6786616161616161 0.31862745098039214 0.24621212121212122
0 0.136437908496732 0.24053030303030304 0.10947712418300654 0.0845959595959596
0 0.7687908496732027 0.7241161616161617 0.2826797385620915 0.21843434343434343
0 0.3929738562091503 0.4842171717171717 0.119281045751634 0.09217171717171717
2 0.25735294117647056 0.09785353535353536 0.22712418300653595 0.1755050505050505
2 0.05228758169934641 0.2815656565656566 0.08496732026143791 0.06565656565656566
3 0.8308823529411765 0.6799242424242424 0.2696078431372549 0.20833333333333334
