1 0.5629194630872483 0.44269521410579343 0.7399328859060402 0.5554156171284634
1 0.6518456375838926 0.8356423173803527 0.23657718120805368 0.17758186397984888
1 0.40436241610738255 0.6322418136020151 0.5234899328859061 0.3929471032745592
0 0.35570469798657717 0.8841309823677582 0.23154362416107382 0.17380352644836272
0 0.5444630872483222 0.8507556675062973 0.2701342281879195 0.20277078085642317
0 0.572986577181208 0.285264483627204 0.13590604026845637 0.10201511335012595
0 0.8439597315436241 0.48740554156171284 0.087248322147651 0.0654911838790932
2 0.3800335570469799 0.2965994962216625 0.18959731543624161 0.14231738035264482
2 0.38926174496644295 0.14987405541561713 0.22818791946308725 0.1712846347607053
3 0.15016778523489932 0.732367758186398 0.2802013422818792 0.21032745591939547
