1 0.4823825503355705 0.634007585335019 0.6661073825503355 0.5018963337547409
1 0.5570469798657718 0.20986093552465235 0.09395973154362416 0.07079646017699115
1 0.29446308724832215 0.4469026548672566 0.37416107382550334 0.28192161820480405
0 0.46895973154362414 0.6668773704171934 0.2802013422818792 0.2111251580278129
0 0.5536912751677853 0.5335018963337548 0.11409395973154363 0.08596713021491782
0 0.6023489932885906 0.4336283185840708 0.1040268456375839 0.07838179519595449
0 0.4337248322147651 0.05752212389380531 0.11241610738255034 0.08470290771175727
2 0.660234899328859 0.8678887484197219 0.19966442953020133 0.1504424778761062
2 0.8766778523489933 0.40897597977243993 0.21644295302013422 0.16308470290771176
3 0.1518456375838926 0.6491782553729456 0.11577181208053691 0.08723135271807839
