1 0.4625 0.2616191904047976 0.7113636363636363 0.46926536731634183
1 0.21363636363636362 0.4947526236881559 0.17272727272727273 0.11394302848575712
1 0.6920454545454545 0.5689655172413793 0.5704545454545454 0.37631184407796103
0 0.725 0.4062968515742129 0.3409090909090909 0.22488755622188905
0 0.4909090909090909 0.49775112443778113 0.32272727272727275 0.2128935532233883
0 0.803409090909091 0.691904047976012 0.3159090909090909 0.20839580209895053
0 0.6670454545454545 0.08170914542728636 0.16136363636363638 0.10644677661169415
2 0.8795454545454545 0.40929535232383807 0.21818181818181817 0.14392803598200898
2 0.6147727272727272 0.5419790104947526 0.3477272727272727 0.22938530734632684
3 0.5318181818181819 0.8470764617691154 0.36363636363636365 0.239880059970015
