1 0.2434640522875817 0.6540404040404041 0.08169934640522876 0.06313131313131314
1 0.5269607843137255 0.4779040404040404 0.6813725490196079 0.5265151515151515
1 0.10702614379084967 0.9160353535353535 0.08333333333333333 0.06439393939393939
0 0.47058823529411764 0.4962121212121212 0.2549019607843137 0.19696969696969696
0 0.886437908496732 0.8806818181818182 0.1977124183006536 0.1527777777777778
0 0.44689542483660133 0.4185606060606061 0.10620915032679738 0.08207070707070707
0 0.928921568627451 0.3352272727272727 0.11274509803921569 0.08712121212121213
2 0.684640522875817 0.17803030303030304 0.11764705882352941 0.09090909090909091
2 0.6200980392156863 0.8162878787878788 0.16830065359477125 0.13005050505050506
3 0.3929738562091503 0.4071969696969697 0.17483660130718953 0.1351010101010101
