1 0.7046979865771812 0.393173198482933 0.3825503355704698 0.28824273072060685
1 0.3347315436241611 0.2509481668773704 0.4949664429530201 0.3729456384323641
1 0.438758389261745 0.5594184576485461 0.5016778523489933 0.3780025284450063
0 0.511744966442953 0.831858407079646 0.28859060402684567 0.21744627054361568
0 0.473993288590604 0.3836915297092288 0.11577181208053691 0.08723135271807839
0 0.7718120805369127 0.49810366624525915 0.12751677852348994 0.09608091024020228
0 0.3548657718120805 0.8754740834386852 0.3238255033557047 0.24399494310998734
2 0.6115771812080537 0.3242730720606827 0.2634228187919463 0.19848293299620734
2 0.6325503355704698 0.7623261694058154 0.174496644295302 0.13147914032869784
3 0.6510067114093959 0.5891276864728192 0.18120805369127516 0.13653603034134007
