1 0.37919463087248323 0.22670025188916876 0.08389261744966443 0.06297229219143577
1 0.6451342281879194 0.6303526448362721 0.401006711409396 0.30100755667506296
1 0.674496644295302 0.33249370277078083 0.08389261744966443 0.06297229219143577
0 0.28104026845637586 0.16561712846347607 0.31711409395973156 0.2380352644836272
0 0.7869127516778524 0.8085642317380353 0.20134228187919462 0.15113350125944586
0 0.5906040268456376 0.336272040302267 0.30201342281879195 0.22670025188916876
0 0.7516778523489933 0.05037783375314862 0.1040268456375839 0.07808564231738035
2 0.62751677852349 0.7758186397984886 0.2516778523489933 0.1889168765743073
2 0.1988255033557047 0.5925692695214105 0.2332214765100671 0.17506297229219145
3 0.5956375838926175 0.5327455919395466 0.15771812080536912 0.11838790931989925
