1 0.6963087248322147 0.5604534005037783 0.5469798657718121 0.4105793450881612
1 0.41778523489932884 0.5365239294710328 0.7986577181208053 0.5994962216624685
1 0.5562080536912751 0.30289672544080604 0.6795302013422819 0.5100755667506297
0 0.7130872483221476 0.7556675062972292 0.29194630872483224 0.21914357682619648
0 0.8456375838926175 0.7342569269521411 0.2080536912751678 0.1561712846347607
0 0.5998322147651006 0.4439546599496222 0.21308724832214765 0.15994962216624686
0 0.7651006711409396 0.5340050377833753 0.33221476510067116 0.24937027707808565
2 0.5939597315436241 0.7884130982367759 0.29194630872483224 0.21914357682619648
2 0.6593959731543624 0.3614609571788413 0.10067114093959731 0.07556675062972293
3 0.7768456375838926 0.6221662468513854 0.27181208053691275 0.2040302267002519
