1 0.3213087248322148 0.6979565772669221 0.3875838926174497 0.2950191570881226
1 0.42449664429530204 0.2784163473818646 0.6375838926174496 0.48531289910600256
1 0.7919463087248322 0.8122605363984674 0.08389261744966443 0.06385696040868455
0 0.4337248322147651 0.483397190293742 0.08557046979865772 0.06513409961685823
0 0.3716442953020134 0.7733077905491699 0.3070469798657718 0.23371647509578544
0 0.25083892617449666 0.5280970625798213 0.3036912751677852 0.23116219667943805
0 0.9236577181208053 0.5472541507024266 0.09899328859060402 0.07535121328224777
2 0.4983221476510067 0.6628352490421456 0.2684563758389262 0.20434227330779056
2 0.9261744966442953 0.34099616858237547 0.1342281879194631 0.10217113665389528
3 0.22399328859060402 0.851213282247765 0.11577181208053691 0.08812260536398467
