1 0.40268456375838924 0.5154394299287411 0.6677852348993288 0.47268408551068886
1 0.5419463087248322 0.3182897862232779 0.08389261744966443 0.05938242280285035
1 0.7021812080536913 0.5124703087885986 0.337248322147651 0.23871733966745842
0 0.17785234899328858 0.4833729216152019 0.2483221476510067 0.17577197149643706
0 0.08892617449664429 0.7209026128266033 0.15771812080536912 0.11163895486935867
0 0.5167785234899329 0.8681710213776722 0.17785234899328858 0.12589073634204276
0 0.7726510067114094 0.35451306413301664 0.31711409395973156 0.22446555819477435
2 0.14513422818791946 0.4673396674584323 0.27348993288590606 0.19358669833729217
2 0.5704697986577181 0.47743467933491684 0.2651006711409396 0.1876484560570071
3 0.27684563758389263 0.5748218527315915 0.2684563758389262 0.19002375296912113
