1 0.7768456375838926 0.1213653603034134 0.19798657718120805 0.14917825537294563
1 0.5226510067114094 0.42414664981036665 0.7298657718120806 0.549936788874842
1 0.45553691275167785 0.6213653603034134 0.3104026845637584 0.23388116308470291
0 0.14093959731543623 0.7876106194690266 0.2080536912751678 0.15676359039190899
0 0.19798657718120805 0.8735777496839444 0.11073825503355705 0.08343868520859671
0 0.5083892617449665 0.7724399494310998 0.31208053691275167 0.23514538558786346
0 0.6711409395973155 0.7484197218710493 0.1912751677852349 0.14412136536030343
2 0.761744966442953 0.32616940581542353 0.1476510067114094 0.11125158027812895
2 0.48573825503355705 0.20670037926675094 0.11241610738255034 0.08470290771175727
3 0.5067114093959731 0.5689001264222503 0.16778523489932887 0.1264222503160556
