1 0.38674496644295303 0.7654394299287411 0.46812080536912754 0.331353919239905
1 0.4521812080536913 0.2749406175771972 0.662751677852349 0.4691211401425178
1 0.3649328859060403 0.3580760095011877 0.5251677852348994 0.37173396674584325
0 0.42197986577181207 0.6383610451306413 0.27348993288590606 0.19358669833729217
0 0.6048657718120806 0.746437054631829 0.27348993288590606 0.19358669833729217
0 0.7164429530201343 0.8693586698337292 0.2483221476510067 0.17577197149643706
0 0.674496644295302 0.48931116389548696 0.09731543624161074 0.0688836104513064
2 0.860738255033557 0.30403800475059384 0.2550335570469799 0.18052256532066507
2 0.5260067114093959 0.2642517814726841 0.19630872483221476 0.13895486935866982
3 0.7374161073825504 0.9103325415676959 0.09228187919463088 0.06532066508313539
