1 0.5310457516339869 0.4128787878787879 0.08169934640522876 0.06313131313131314
1 0.571078431372549 0.37184343434343436 0.2434640522875817 0.18813131313131312
1 0.8431372549019608 0.2727272727272727 0.2647058823529412 0.20454545454545456
0 0.3202614379084967 0.5416666666666666 0.30392156862745096 0.23484848484848486
0 0.7916666666666666 0.4463383838383838 0.22712418300653595 0.1755050505050505
0 0.9305555555555556 0.889520202020202 0.08333333333333333 0.06439393939393939
0 0.15522875816993464 0.14267676767676768 0.13071895424836602 0.10101010101010101
2 0.6511437908496732 0.38446969696969696 0.10947712418300654 0.0845959595959596
2 0.38235294117647056 0.7310606060606061 0.19281045751633988 0.14898989898989898
3 0.4616013071895425 0.8200757575757576 0.09313725490196079 0.07196969696969698
