1 0.806799336650083 0.3045977011494253 0.296849087893864 0.22860791826309068
1 0.8532338308457711 0.6021711366538953 0.24046434494195687 0.18518518518518517
1 0.23797678275290216 0.7068965517241379 0.0945273631840796 0.07279693486590039
0 0.43781094527363185 0.3537675606641124 0.2752902155887231 0.2120051085568327
0 0.8126036484245439 0.8569604086845466 0.2023217247097844 0.1558109833971903
0 0.5190713101160862 0.2503192848020434 0.1857379767827529 0.14303959131545338
0 0.4867330016583748 0.2037037037037037 0.21393034825870647 0.16475095785440613
2 0.433665008291874 0.44763729246487866 0.11774461028192372 0.09067688378033206
2 0.6708126036484245 0.2471264367816092 0.23714759535655058 0.1826309067688378
3 0.5663349917081261 0.8793103448275862 0.18407960199004975 0.1417624521072797
