1 0.5996732026143791 0.7853535353535354 0.08169934640522876 0.06313131313131314
1 0.41911764705882354 0.6180555555555556 0.7990196078431373 0.6174242424242424
1 0.7916666666666666 0.3693181818181818 0.3937908496732026 0.3042929292929293
0 0.21650326797385622 0.40845959595959597 0.10294117647058823 0.07954545454545454
0 0.32679738562091504 0.7878787878787878 0.11764705882352941 0.09090909090909091
0 0.16584967320261437 0.33775252525252525 0.32516339869281047 0.25126262626262624
0 0.7516339869281046 0.4734848484848485 0.15359477124183007 0.11868686868686869
2 0.2042483660130719 0.22095959595959597 0.0915032679738562 0.0707070707070707
2 0.2785947712418301 0.4412878787878788 0.17483660130718953 0.1351010101010101
3 0.4150326797385621 0.1388888888888889 0.13071895424836602 0.10101010101010101
