1 0.1266778523489933 0.13984674329501914 0.20302013422818793 0.1545338441890166
1 0.3422818791946309 0.9399744572158365 0.08389261744966443 0.06385696040868455
1 0.6484899328859061 0.7464878671775224 0.6593959731543624 0.5019157088122606
0 0.20553691275167785 0.1781609195402299 0.2634228187919463 0.20051085568326948
0 0.3179530201342282 0.8844189016602809 0.2936241610738255 0.22349936143039592
0 0.5880872483221476 0.19859514687100893 0.23993288590604026 0.1826309067688378
0 0.5511744966442953 0.20753512132822477 0.2936241610738255 0.22349936143039592
2 0.8447986577181208 0.11047254150702426 0.19966442953020133 0.15197956577266922
2 0.1493288590604027 0.508301404853129 0.14093959731543623 0.10727969348659004
3 0.6686241610738255 0.24329501915708812 0.25671140939597314 0.19540229885057472
