1 0.7399328859060402 0.22756005056890014 0.47651006711409394 0.359039190897598
1 0.09731543624161074 0.7724399494310998 0.08389261744966443 0.0632111251580278
1 0.4085570469798658 0.7427307206068268 0.17953020134228187 0.13527180783817952
0 0.16946308724832215 0.18331226295828065 0.30201342281879195 0.22756005056890014
0 0.4773489932885906 0.45701643489254107 0.26677852348993286 0.20101137800252844
0 0.3221476510067114 0.38558786346396967 0.1040268456375839 0.07838179519595449
0 0.1325503355704698 0.7041719342604298 0.08389261744966443 0.0632111251580278
2 0.39932885906040266 0.843236409608091 0.13758389261744966 0.10366624525916561
2 0.8800335570469798 0.4216182048040455 0.20302013422818793 0.1529709228824273
3 0.5914429530201343 0.7389380530973452 0.26677852348993286 0.20101137800252844
