[1031, 46, 1102, 70, 'Estado', 0.9994744658470154, 18]
[1102, 45, 1135, 71, 'de', 0.9999492168426514, 19]
[1135, 46, 1211, 70, 'Cuenta', 0.7814090847969055, 18]
[54, 53, 272, 125, 'BBVA', 0.9984031319618225, 54]
[932, 79, 1010, 97, 'Libreton', 0.980686604976654, 13]
[1014, 79, 1075, 97, 'Basico', 0.9099828004837036, 13]
[1076, 79, 1144, 97, 'Cuenta', 0.9991434812545776, 13]
[1147, 77, 1211, 102, 'Digital', 0.9868713617324829, 18]
[1110, 99, 1174, 118, 'PAGINA', 0.9783194661140442, 14]
[1175, 99, 1215, 119, '6/9', 0.9954924583435059, 15]
[1102, 139, 1204, 158, '1590782340', 0.9997377991676331, 14]
[1121, 173, 1201, 192, '05938331', 0.999994158744812, 14]
[679, 135, 731, 162, 'No.de', 0.9773616194725037, 20]
[723, 136, 778, 159, 'Cuenta', 0.9997298121452332, 17]
[679, 170, 731, 193, 'No.de', 0.9362359642982483, 17]
[725, 170, 776, 193, 'Cliente', 0.9835907816886902, 17]
[38, 209, 120, 232, 'Cuadro', 0.9816209673881531, 17]
[123, 213, 219, 232, 'resumen', 0.9985686540603638, 14]
[219, 212, 241, 238, 'y', 0.9998078942298889, 19]
[239, 209, 318, 238, 'grâfico', 0.5903913378715515, 21]
[318, 207, 352, 234, 'de', 0.9964582324028015, 20]
[354, 210, 491, 232, 'movimientos', 0.9931941032409668, 16]
[493, 209, 532, 234, 'del', 0.9991626739501953, 18]
[533, 209, 618, 237, 'periodo', 0.9999918937683105, 21]
[145, 278, 225, 305, 'Concepto', 0.6499710083007812, 20]
[392, 280, 465, 299, 'Cantidad', 0.9728134274482727, 14]
[436, 309, 522, 333, '204,000.47', 0.99662846326828, 18]
[445, 339, 522, 362, '14,239.20', 0.9999256134033203, 17]
[485, 371, 522, 391, '0.00', 0.999704897403717, 15]
[485, 402, 522, 422, '0.00', 0.999704897403717, 15]
[484, 430, 524, 455, '0.00', 0.9851152300834656, 18]
[437, 463, 522, 486, '-17,279.00', 0.9977237582206726, 17]
[436, 493, 522, 517, '200,960.67', 0.6730756759643555, 18]
[555, 277, 646, 305, 'Porcentaje', 0.984931468963623, 21]
[597, 309, 666, 333, '100.00%', 0.9999536275863647, 18]
[614, 339, 666, 362, '6.97%', 0.9866357445716858, 17]
[614, 370, 666, 393, '0.00%', 0.9882224202156067, 17]
[614, 401, 666, 424, '0.00%', 0.9882224202156067, 17]
[614, 430, 666, 455, '0.00%', 0.9990975856781006, 18]
[609, 461, 666, 486, '-8.47%', 0.6230449676513672, 18]
[604, 492, 666, 517, '98.50%', 0.9999278783798218, 18]
[694, 280, 767, 299, 'Columna', 0.9891729354858398, 14]
[720, 308, 740, 333, 'A', 0.9997071623802185, 18]
[720, 337, 740, 362, 'B', 0.9997568726539612, 18]
[722, 371, 737, 391, 'C', 0.9921659231185913, 15]
[723, 402, 737, 421, 'D', 0.9992908239364624, 14]
[722, 432, 737, 453, 'E', 0.9997684359550476, 15]
[720, 461, 740, 484, 'F', 0.9994716048240662, 17]
[720, 492, 740, 515, 'G', 0.9997068047523499, 17]
[821, 282, 849, 300, '1009', 0.9968935251235962, 13]
[844, 282, 861, 299, '%', 0.9930862188339233, 12]
[872, 283, 889, 300, 'A', 0.9988712668418884, 12]
[821, 370, 847, 391, '(+)', 0.9461473822593689, 15]
[821, 425, 846, 447, '(-)', 0.9838929176330566, 16]
[41, 308, 91, 333, 'Saldo', 0.9999366998672485, 18]
[89, 308, 137, 333, 'Inicial', 0.9805828928947449, 18]
[43, 339, 123, 365, 'Depositos', 0.9955873489379883, 19]
[119, 340, 132, 360, '/', 0.9859128594398499, 15]
[129, 339, 191, 362, 'Abonos', 0.9998925924301147, 17]
[188, 337, 218, 367, '(+)', 0.9584463238716125, 22]
[41, 370, 134, 393, 'Comisiones', 0.9947611689567566, 17]
[132, 370, 156, 396, '(-)', 0.5651901960372925, 19]
[41, 401, 117, 424, 'Intereses', 0.9877305626869202, 17]
[114, 404, 129, 422, 'a', 0.9999406337738037, 13]
[128, 401, 173, 425, 'favor', 0.9999722242355347, 18]
[168, 399, 197, 428, '(+)', 0.9235457181930542, 21]
[43, 430, 102, 453, 'Retiros', 0.9976933598518372, 17]
[98, 430, 162, 455, 'efectivo', 0.5657214522361755, 18]
[157, 428, 185, 459, '()', 0.8957279920578003, 23]
[41, 461, 91, 486, 'Otros', 0.9078757762908936, 18]
[86, 464, 143, 489, 'cargos', 0.9967669248580933, 18]
[139, 459, 167, 490, '()', 0.8630261421203613, 23]
[41, 492, 92, 517, 'Saldo', 0.9798072576522827, 18]
[89, 492, 131, 517, 'Final', 0.9996507167816162, 18]
[912, 387, 928, 402, 'B', 0.9976221919059753, 11]
[954, 393, 969, 408, 'C', 0.9882895946502686, 11]
[997, 394, 1006, 405, 'D', 0.9931394457817078, 8]
[1034, 391, 1051, 408, 'E', 0.9979591369628906, 12]
[1078, 394, 1087, 405, 'F', 0.939740777015686, 8]
[66, 538, 108, 558, 'Nota', 0.9977518916130066, 15]
[105, 540, 119, 558, ':', 0.9998193383216858, 13]
[122, 538, 146, 558, 'En', 0.8445987701416016, 15]
[145, 538, 162, 557, 'la', 0.999596893787384, 14]
[162, 540, 231, 557, 'columna', 0.9969346523284912, 12]
[231, 538, 329, 562, '"porcentaje"', 0.514444887638092, 18]
[326, 540, 351, 560, 'se', 0.9139758348464966, 15]
[347, 538, 399, 557, 'senala', 0.9666745066642761, 14]
[400, 543, 431, 557, 'con', 0.9987610578536987, 10]
[431, 540, 450, 557, 'el', 0.9757202863693237, 12]
[448, 538, 494, 557, '100%', 0.944674551486969, 14]
[493, 540, 508, 558, 'a', 0.7905070185661316, 13]
[507, 538, 524, 557, 'la', 0.999596893787384, 14]
[524, 540, 593, 557, 'cantidad', 0.9986892342567444, 12]
[592, 538, 629, 558, 'mâs', 0.4702011048793793, 15]
[627, 538, 663, 558, 'alta,', 0.999845027923584, 15]
[665, 540, 771, 558, 'permitiéndole', 0.9007869958877563, 13]
[774, 540, 867, 557, 'relacionarse', 0.9710953235626221, 12]
[867, 538, 1003, 560, 'porcentualmente', 0.8120699524879456, 16]
[1003, 543, 1033, 557, 'con', 0.9989890456199646, 10]
[1033, 538, 1059, 558, 'las', 0.8103373050689697, 15]
[1059, 540, 1115, 557, 'demàs.', 0.685410737991333, 12]
[37, 622, 75, 640, 'Los', 0.9936519861221313, 13]
[78, 622, 153, 640, 'montos', 0.9998487234115601, 13]
[157, 622, 241, 640, 'minimos', 0.9907842874526978, 13]
[247, 623, 351, 642, 'requeridos', 0.9725253582000732, 14]
[355, 625, 400, 644, 'para', 0.9997231364250183, 14]
[403, 622, 436, 642, 'los', 0.9539660811424255, 15]
[442, 623, 538, 642, 'productos', 0.9528779983520508, 14]
[542, 620, 572, 642, 'de', 0.9997746348381042, 16]
[573, 622, 665, 640, 'inversion', 0.9719293117523193, 13]
[668, 623, 685, 642, 'a', 0.9999179840087891, 14]
[686, 622, 740, 645, 'plazo', 0.9999403953552246, 17]
[742, 620, 779, 645, 'fijo', 0.9055795669555664, 18]
[779, 623, 827, 642, 'son:', 0.913565993309021, 14]
[829, 620, 898, 645, 'Pagaré', 0.9957589507102966, 18]
[903, 622, 1005, 645, 'Liquidable', 0.9879772067070007, 17]
[1014, 620, 1036, 642, 'al', 0.890084445476532, 16]
[37, 644, 154, 661, 'vencimiento', 0.9825933575630188, 12]
[159, 642, 199, 662, 'MN.', 0.9992961883544922, 15]
[201, 639, 301, 667, '$2,000.00,', 0.9962083101272583, 21]
[304, 642, 409, 661, 'Certificado', 0.9474261999130249, 14]
[412, 640, 442, 662, 'de', 0.9999982118606567, 16]
[443, 642, 542, 665, 'Depositos', 0.7873997092247009, 17]
[549, 642, 587, 662, 'MN:', 0.9997419714927673, 15]
[593, 642, 760, 665, '$5,000.00(sujetas', 0.771736741065979, 17]
[765, 644, 781, 664, 'a', 0.9998507499694824, 15]
[785, 642, 856, 661, 'cambio', 0.999183714389801, 14]
[864, 642, 991, 665, 'dependiendo', 0.9977891445159912, 17]
[994, 642, 1022, 664, 'de', 0.9966058731079102, 16]
[1025, 642, 1058, 662, 'las', 0.9997676014900208, 15]
[37, 665, 148, 682, 'variaciones', 0.9854207634925842, 12]
[154, 664, 187, 684, 'del', 0.9998618364334106, 15]
[190, 664, 287, 687, 'mercado).', 0.9681078195571899, 17]
[293, 662, 343, 685, 'Para', 0.9999091625213623, 17]
[346, 668, 409, 687, 'mayor', 0.839786946773529, 14]
[414, 664, 530, 682, 'informacion', 0.8581469655036926, 13]
[538, 665, 620, 684, 'consulta', 0.9997552037239075, 14]
[624, 662, 648, 685, 'la', 0.9998613595962524, 17]
[651, 664, 719, 688, 'pagina', 0.6863365173339844, 18]
[722, 664, 751, 685, 'de', 0.9999812841415405, 15]
[754, 665, 836, 684, 'internet:', 0.9995686411857605, 14]
[841, 664, 1044, 687, 'ittps:www.bbvamx', 0.4649008512496948, 17]
[66, 562, 112, 580, 'Otros', 0.9999250173568726, 13]
[111, 562, 173, 585, 'cargos:', 0.9993126392364502, 17]
[182, 560, 210, 580, 'Ver', 0.9904796481132507, 15]
[207, 558, 385, 580, 'deralledemovimientos', 0.531539797782898, 16]
[29, 1531, 75, 1550, 'BBVA', 0.999757707118988, 14]
[75, 1530, 149, 1553, 'MEXICO,', 0.9604169130325317, 17]
[148, 1530, 190, 1555, 'S.A.,', 0.7211890816688538, 18]
[193, 1531, 296, 1550, 'INSTITUCION', 0.6714252233505249, 14]
[298, 1530, 327, 1552, 'DE', 0.9998829364776611, 16]
[327, 1531, 386, 1550, 'BANCA', 0.9511099457740784, 14]
[389, 1531, 474, 1550, 'MULTIPLE,', 0.9997959733009338, 14]
[477, 1531, 541, 1550, 'GRUPO', 0.9991162419319153, 14]
[544, 1531, 646, 1550, 'FINANCIERO', 0.9991922974586487, 14]
[648, 1531, 696, 1550, 'BBVA', 0.9886680245399475, 14]
[697, 1531, 764, 1550, 'MEXICO', 0.5794947743415833, 14]
[27, 1550, 55, 1569, 'Av.', 0.9824628829956055, 14]
[50, 1550, 97, 1569, 'Paseo', 0.9988425374031067, 14]
[94, 1550, 117, 1570, 'de', 0.9741142392158508, 15]
[114, 1552, 132, 1569, 'lal', 0.799575924873352, 12]
[129, 1550, 191, 1569, 'Reforma', 0.8663271069526672, 14]
[190, 1552, 224, 1570, '510,', 0.9988917708396912, 13]
[221, 1550, 253, 1569, 'Col..', 0.8885622620582581, 14]
[250, 1550, 300, 1569, 'Juârez,', 0.7226706743240356, 14]
[300, 1550, 357, 1569, 'Alcaldia', 0.9975739121437073, 14]
[355, 1550, 450, 1569, 'Cuauhtémoc;', 0.9461202025413513, 14]
[448, 1550, 477, 1569, 'C.P.', 0.975644588470459, 14]
[474, 1552, 524, 1570, '06600,', 0.9974180459976196, 13]
[522, 1550, 575, 1569, 'Ciudad', 0.8948500752449036, 14]
[575, 1552, 597, 1567, 'del', 0.961384654045105, 11]
[595, 1552, 651, 1570, 'México,', 0.9296761155128479, 13]
[649, 1552, 705, 1570, 'México,', 0.9989694356918335, 13]
[703, 1550, 745, 1570, 'R.F.C.', 0.9899779558181763, 15]
[743, 1552, 846, 1569, 'BBA830831UJ2', 0.39290472865104675, 12]
