[1031, 46, 1102, 70, 'Estado', 0.9994744658470154, 18]
[1102, 45, 1135, 71, 'de', 0.9999492168426514, 19]
[1135, 46, 1211, 70, 'Cuenta', 0.7814090847969055, 18]
[54, 51, 272, 125, 'BBVA', 0.9998831748962402, 55]
[932, 79, 1010, 97, 'Libreton', 0.980686604976654, 13]
[1014, 79, 1073, 97, 'Basico', 0.9391472935676575, 13]
[1076, 79, 1144, 97, 'Cuenta', 0.9991434812545776, 13]
[1147, 77, 1211, 102, 'Digital', 0.9868713617324829, 18]
[1110, 101, 1174, 118, 'PAGINA', 0.9998466968536377, 12]
[1175, 99, 1215, 119, '7/9', 0.9957987666130066, 15]
[1102, 139, 1204, 158, '1590782340', 0.9997377991676331, 14]
[1121, 173, 1201, 192, '05938331', 0.999994158744812, 14]
[679, 135, 731, 162, 'No.de', 0.9773616194725037, 20]
[723, 136, 778, 159, 'Cuenta', 0.9997298121452332, 17]
[679, 170, 731, 195, 'No.de', 0.9917964935302734, 18]
[725, 170, 776, 193, 'Cliente', 0.9835907816886902, 17]
[27, 277, 88, 300, 'Tiene', 0.9999622106552124, 17]
[92, 277, 120, 299, '90', 0.9996713399887085, 16]
[123, 277, 171, 300, 'dias', 0.9997653365135193, 17]
[176, 280, 267, 299, 'naturales', 0.9965104460716248, 14]
[273, 277, 366, 300, 'contados', 0.999821126461029, 17]
[369, 282, 386, 300, 'a', 0.9999117851257324, 13]
[391, 278, 445, 303, 'partir', 0.9998846054077148, 18]
[446, 275, 481, 302, 'de', 0.9996793270111084, 20]
[481, 277, 504, 300, 'la', 0.9996397495269775, 17]
[505, 277, 564, 300, 'fecha', 0.9998990297317505, 17]
[567, 277, 598, 299, 'de', 0.9999786615371704, 16]
[601, 280, 652, 299, 'corte', 0.9981338381767273, 14]
[658, 282, 674, 299, 'O', 0.7718294858932495, 12]
[679, 277, 708, 299, 'de', 0.999921441078186, 16]
[711, 277, 733, 300, 'la', 0.9990550875663757, 17]
[737, 278, 844, 297, 'realizacion', 0.8140000104904175, 14]
[847, 275, 880, 302, 'de', 0.9988346695899963, 20]
[881, 277, 904, 300, 'la', 0.9998667240142822, 17]
[907, 278, 1006, 302, 'operacion', 0.7937856912612915, 18]
[1013, 282, 1061, 305, 'para', 0.9633938074111938, 17]
[1064, 280, 1161, 303, 'presentar', 0.9866807460784912, 17]
[1164, 280, 1192, 300, 'su', 0.9995236396789551, 15]
[29, 302, 132, 325, 'aclaracion', 0.6832654476165771, 17]
[137, 306, 167, 325, 'en', 0.9999815225601196, 14]
[170, 302, 194, 325, 'la', 0.9997691512107849, 17]
[197, 305, 281, 323, 'sucursal', 0.9794009327888489, 13]
[287, 302, 352, 325, 'donde', 0.9996023774147034, 17]
[357, 302, 422, 325, 'radica', 0.9688536524772644, 17]
[425, 306, 454, 325, 'su', 0.9989319443702698, 14]
[457, 303, 533, 326, 'cuenta,', 0.9987232089042664, 17]
[538, 306, 555, 325, 'O', 0.6096259951591492, 14]
[559, 302, 610, 326, 'bien,', 0.9287335872650146, 18]
[617, 305, 706, 322, 'lamando', 0.6517893075942993, 12]
[713, 302, 736, 325, 'al', 0.9870216250419617, 17]
[739, 302, 808, 325, 'Centro', 0.9998365640640259, 17]
[812, 300, 844, 326, 'de', 0.9999034404754639, 19]
[847, 302, 937, 325, 'Atencion', 0.711000919342041, 17]
[941, 303, 1044, 322, 'Telefonica', 0.9721726775169373, 14]
[1051, 302, 1073, 325, 'al', 0.9985007047653198, 17]
[1076, 302, 1160, 325, 'teléfono', 0.9991838335990906, 17]
[1163, 300, 1195, 326, '55', 0.9999945163726807, 19]
[29, 326, 83, 350, '5226', 0.9998754262924194, 18]
[83, 326, 137, 350, '2663', 0.997294008731842, 18]
[137, 328, 157, 351, 'o', 0.6557891964912415, 17]
[157, 328, 190, 348, 'del', 0.9878934025764465, 15]
[193, 326, 266, 350, 'interior', 0.9995437264442444, 18]
[267, 328, 298, 350, 'sin', 0.9999606609344482, 16]
[301, 329, 357, 348, 'costo', 0.9965498447418213, 14]
[358, 326, 382, 350, 'al', 0.9930684566497803, 18]
[385, 329, 422, 348, '800', 0.9348905086517334, 14]
[428, 329, 464, 348, '226', 0.9995142221450806, 14]
[470, 329, 524, 348, '2663.', 0.9997040629386902, 14]
[29, 377, 74, 402, 'Con', 0.9997885823249817, 18]
[75, 379, 132, 404, 'gusto', 0.9810667037963867, 18]
[142, 379, 273, 401, 'atenderemos', 0.9596832990646362, 16]
[283, 382, 321, 401, 'sus', 0.9984740614891052, 14]
[330, 379, 476, 401, 'reclamaciones', 0.9362829923629761, 16]
[482, 381, 525, 405, 'que', 0.9998821020126343, 18]
[527, 379, 555, 401, 'ha', 0.9999473094940186, 16]
[562, 377, 679, 405, 'presentado', 0.9998458623886108, 21]
[680, 381, 726, 399, 'ante', 0.9985008239746094, 13]
[731, 381, 805, 399, 'nuestra', 0.9998341798782349, 13]
[810, 381, 909, 399, 'institucion', 0.9709538221359253, 13]
[912, 382, 929, 401, 'a', 0.9999208450317383, 14]
[932, 381, 994, 399, 'través', 0.9804485440254211, 13]
[27, 404, 58, 425, 'de', 0.9996871948242188, 15]
[61, 401, 122, 425, 'Linea', 0.9965110421180725, 18]
[128, 405, 188, 424, 'BBVA', 0.9999438524246216, 14]
[193, 402, 216, 425, 'al', 0.8915677070617676, 17]
[221, 405, 300, 424, 'teléfono', 0.9995427131652832, 14]
[306, 404, 335, 425, '55', 0.9998406171798706, 15]
[341, 405, 391, 424, '5226', 0.9980118274688721, 14]
[399, 405, 448, 424, '2663', 0.9999772310256958, 14]
[456, 402, 528, 425, 'Ciudad', 0.9997190833091736, 17]
[533, 404, 562, 425, 'de', 0.9997336268424988, 15]
[567, 404, 646, 427, 'México,', 0.6214156746864319, 17]
[654, 404, 691, 424, '800', 0.9998335838317871, 15]
[699, 405, 737, 424, '226', 0.9997000694274902, 14]
[743, 405, 793, 424, '2663', 0.999796450138092, 14]
[801, 402, 853, 425, 'Lada', 0.9999244213104248, 17]
[858, 404, 892, 427, 'sin', 0.9999165534973145, 17]
[895, 404, 962, 428, 'Costo,', 0.9565253853797913, 18]
[966, 407, 997, 425, 'en', 0.9999520778656006, 13]
[30, 481, 92, 500, 'BBVA', 0.9994413256645203, 14]
[95, 478, 159, 501, 'recibe', 0.6322711110115051, 17]
[171, 480, 202, 501, 'las', 0.9999938011169434, 15]
[216, 480, 317, 503, 'consultas,', 0.9965261816978455, 17]
[330, 480, 476, 501, 'reclamaciones', 0.9041683077812195, 15]
[485, 481, 507, 503, 'o', 0.7937768697738647, 16]
[515, 480, 648, 503, 'aclaraciones,', 0.9987156391143799, 17]
[660, 483, 689, 501, 'en', 0.9999637603759766, 13]
[700, 483, 728, 501, 'su', 0.9988498687744141, 13]
[742, 481, 812, 500, 'Unidad', 0.9934050440788269, 14]
[827, 481, 963, 504, 'Especializada', 0.8327406644821167, 17]
[976, 480, 1005, 501, 'de', 0.9976453185081482, 15]
[29, 507, 115, 526, 'Atencion', 0.8329079151153564, 14]
[123, 509, 140, 527, 'a', 0.999946117401123, 13]
[145, 506, 239, 529, 'Usuarios,', 0.9982122182846069, 17]
[247, 507, 324, 526, 'ubicada', 0.9857416152954102, 14]
[329, 509, 358, 529, 'en', 0.9999817609786987, 15]
[361, 504, 417, 534, 'Lago', 0.9999854564666748, 22]
[420, 504, 494, 527, 'Alberto', 0.999932050704956, 17]
[499, 506, 538, 526, '320', 0.999896764755249, 15]
[544, 504, 631, 532, '(entrada', 0.9996985197067261, 21]
[634, 510, 671, 531, 'por', 0.9999405145645142, 15]
[675, 507, 756, 526, 'Mariano', 0.9778016209602356, 14]
[764, 507, 863, 526, 'Escobedo', 0.9995715022087097, 14]
[867, 506, 921, 531, '303),', 0.9995798468589783, 18]
[928, 507, 1003, 526, 'Colonia', 0.95643150806427, 14]
[30, 531, 123, 554, 'Granada,', 0.9999663829803467, 17]
[129, 531, 201, 555, 'Codigo', 0.9622414112091064, 18]
[207, 532, 269, 551, 'Postal', 0.8818861842155457, 14]
[275, 531, 344, 554, '11320,', 0.9926151037216187, 17]
[347, 529, 431, 552, 'Alcaldia', 0.9988821148872375, 17]
[436, 531, 504, 555, 'Miguel', 0.8923699855804443, 18]
[507, 529, 592, 557, 'Hidalgo,', 0.967617928981781, 21]
[595, 529, 669, 552, 'Ciudad', 0.9869489073753357, 17]
[672, 531, 702, 552, 'de', 0.9995614886283875, 15]
[705, 531, 784, 554, 'México,', 0.9897928237915039, 17]
[790, 532, 861, 551, 'México', 0.9894025325775146, 14]
[870, 532, 890, 557, 'y', 0.999792754650116, 18]
[892, 535, 929, 555, 'por', 0.9999955892562866, 15]
[938, 535, 1005, 552, 'correo', 0.9989110231399536, 12]
[30, 557, 139, 575, 'electronico', 0.9286283254623413, 13]
[148, 557, 340, 580, 'une.mx@bbva.com', 0.6043754816055298, 17]
[347, 557, 368, 580, 'o', 0.7755165100097656, 17]
[374, 557, 454, 575, 'teléfono', 0.999632716178894, 13]
[462, 555, 491, 577, '55', 0.9997348189353943, 16]
[499, 555, 553, 579, '1998', 0.9655481576919556, 18]
[561, 555, 618, 580, '8039,', 0.9679226279258728, 18]
[638, 557, 672, 577, 'asi', 0.9986335635185242, 15]
[692, 560, 750, 577, 'como', 0.7828553915023804, 12]
[756, 558, 787, 579, 'en', 0.9998294115066528, 15]
[795, 557, 897, 580, 'cualquiera', 0.9960616230964661, 17]
[918, 555, 948, 577, 'de', 0.995194137096405, 16]
[966, 558, 1006, 579, 'sus', 0.9995348453521729, 15]
[29, 580, 139, 603, 'sucursales', 0.9942575693130493, 17]
[142, 583, 159, 602, 'u', 0.9930862188339233, 14]
[170, 580, 253, 603, 'oficinas.', 0.9985278844833374, 17]
[266, 580, 296, 602, 'En', 0.9999988079071045, 16]
[298, 580, 321, 603, 'el', 0.9996886253356934, 17]
[324, 583, 374, 602, 'caso', 0.9995593428611755, 14]
[375, 579, 408, 605, 'de', 0.9997147917747498, 19]
[409, 583, 439, 603, 'no', 0.9621173739433289, 15]
[442, 580, 522, 603, 'obtener', 0.9846951365470886, 17]
[524, 585, 564, 603, 'una', 0.9893084168434143, 13]
[575, 582, 675, 605, 'respuesta', 0.9740628600120544, 17]
[686, 582, 813, 605, 'satisfactoria,', 0.9426872134208679, 17]
[825, 582, 886, 606, 'podrà', 0.9387427568435669, 18]
[897, 580, 963, 603, 'acudir', 0.9940510392189026, 17]
[962, 582, 982, 605, 'a', 0.999927282333374, 17]
[983, 579, 1006, 603, 'la', 0.9999252557754517, 18]
[32, 608, 123, 626, 'Comision', 0.9968799352645874, 13]
[137, 608, 222, 626, 'Nacional', 0.7276085615158081, 13]
[235, 609, 283, 634, 'para', 0.9998664855957031, 18]
[292, 605, 315, 630, 'la', 0.9992436170578003, 18]
[326, 608, 429, 626, 'Proteccion', 0.7038747668266296, 13]
[440, 608, 460, 634, 'y', 0.6156988739967346, 19]
[470, 608, 552, 626, 'Defensa', 0.9945112466812134, 13]
[562, 606, 592, 628, 'de', 0.9999549388885498, 16]
[603, 608, 634, 628, 'los', 0.9998352527618408, 15]
[646, 608, 733, 626, 'Usuarios', 0.9973517656326294, 13]
[745, 606, 774, 628, 'de', 0.9999884366989136, 16]
[785, 608, 875, 626, 'Servicios', 0.9932520985603333, 13]
[890, 608, 1003, 626, 'Financieros', 0.9996346235275269, 13]
[29, 433, 80, 452, 'caso', 0.9993107318878174, 14]
[81, 430, 111, 452, 'de', 0.9999892711639404, 16]
[111, 433, 142, 452, 'no', 0.9999076128005981, 14]
[143, 432, 207, 450, 'recibir', 0.9826323986053467, 13]
[208, 433, 250, 452, 'una', 0.9975416660308838, 14]
[253, 432, 351, 455, 'respuesta', 0.9971649050712585, 17]
[355, 432, 473, 450, 'satisfactoria', 0.7705234885215759, 13]
[30, 453, 102, 476, 'Unidad', 0.9993473887443542, 17]
[106, 455, 242, 478, 'Especializada', 0.9992503523826599, 17]
[245, 455, 276, 476, 'de', 0.9999476671218872, 15]
[278, 456, 364, 475, 'Atencion', 0.995872437953949, 14]
[366, 456, 388, 478, 'a', 0.999665379524231, 16]
[389, 456, 470, 475, 'Clientes', 0.9690743684768677, 14]
[474, 455, 538, 480, '(UNE)', 0.99903404712677, 18]
[559, 432, 584, 452, 'a:', 0.996988832950592, 15]
[476, 428, 559, 456, 'dirigirse', 0.9427291750907898, 21]
[1071, 407, 1169, 449, 'IPAB', 0.9996033310890198, 31]
[1028, 455, 1075, 472, 'NSTITUTO', 0.7224072813987732, 12]
[1031, 470, 1040, 480, 'M', 0.852459728717804, 7]
[1042, 467, 1078, 481, 'AMORRO', 0.5033784508705139, 10]
[1073, 459, 1084, 469, 'PA', 0.8412550687789917, 7]
[1076, 469, 1121, 481, 'BANCAAIO', 0.330382376909256, 9]
[1081, 459, 1093, 469, 'RA', 0.9997301697731018, 7]
[1110, 458, 1164, 470, 'ROTECCION', 0.7468432188034058, 9]
[29, 633, 255, 656, 'www.condusel.gob.mx', 0.5358328819274902, 17]
[253, 633, 275, 657, 'y', 0.9948133230209351, 18]
[273, 631, 303, 653, '55', 0.9676978588104248, 16]
[304, 633, 355, 651, '5340', 0.9854554533958435, 13]
[358, 631, 412, 654, '0999', 0.9990503191947937, 17]
[412, 633, 433, 657, 'y', 0.972531259059906, 18]
[439, 637, 448, 647, '50', 0.4295858144760132, 7]
[446, 637, 456, 648, 'U', 0.961433470249176, 8]
[451, 634, 468, 650, '0', 0.9929370284080505, 12]
[476, 633, 513, 651, '999', 0.999849796295166, 13]
[519, 633, 573, 651, '8080.', 0.9992928504943848, 13]
[27, 679, 58, 701, '"Si', 0.9994077682495117, 16]
[63, 681, 119, 699, 'desea', 0.8562060594558716, 13]
[123, 679, 184, 702, 'recibir', 0.893722414970398, 17]
[185, 682, 245, 705, 'pagos', 0.9996217489242554, 17]
[247, 684, 264, 701, 'a', 0.9999412298202515, 12]
[267, 681, 324, 699, 'través', 0.9984480142593384, 13]
[327, 679, 355, 701, 'de', 0.9956668615341187, 16]
[358, 679, 488, 701, 'transferencias', 0.9889496564865112, 16]
[493, 681, 601, 699, 'electronicas', 0.9320451617240906, 13]
[604, 679, 634, 701, 'de', 0.9998376369476318, 16]
[637, 681, 699, 699, 'fondos', 0.9994483590126038, 13]
[703, 679, 838, 702, 'interbancarias,', 0.9134068489074707, 17]
[842, 681, 907, 699, 'deberà', 0.8970717787742615, 13]
[912, 681, 966, 699, 'hacer', 0.9996702671051025, 13]
[969, 679, 1000, 701, 'del', 0.9976754784584045, 16]
[1005, 681, 1126, 701, 'conocimiento', 0.9849879145622253, 15]
[1129, 679, 1156, 701, 'de', 0.9999986886978149, 16]
[1158, 679, 1180, 701, 'la', 0.984245240688324, 16]
[29, 705, 106, 729, 'persona', 0.9993960857391357, 18]
[106, 707, 143, 727, 'que', 0.7380887269973755, 15]
[146, 702, 168, 725, 'le', 0.9999668598175049, 17]
[170, 704, 238, 722, 'enviarà', 0.9454582929611206, 13]
[241, 702, 264, 724, 'el', 0.9988383650779724, 16]
[261, 702, 281, 725, 'o', 0.8611748814582825, 17]
[281, 702, 315, 725, 'los', 0.999546229839325, 17]
[312, 705, 372, 729, 'pagos', 0.9999402761459351, 18]
[375, 704, 485, 727, 'respectivos,', 0.9990596175193787, 17]
[487, 702, 508, 724, 'el', 0.999932050704956, 16]
[511, 704, 581, 722, 'nûmero', 0.5443289875984192, 13]
[583, 702, 610, 724, 'de', 0.9999184608459473, 16]
[615, 704, 682, 722, 'Cuenta', 0.9994342923164368, 13]
[683, 707, 722, 727, 'que', 0.6244192719459534, 15]
[725, 705, 740, 724, 'a', 0.999862551689148, 14]
[743, 704, 855, 722, 'continuacion', 0.7348685264587402, 13]
[863, 707, 887, 724, 'se', 0.9997876286506653, 12]
[890, 704, 949, 722, 'indica:', 0.9983772039413452, 13]
[955, 704, 991, 722, '012', 0.9997912049293518, 13]
[994, 704, 1031, 722, '840', 0.9998797178268433, 13]
[1034, 702, 1161, 724, '01590782340', 0.9941144585609436, 16]
[1160, 701, 1180, 724, '0', 0.9802738428115845, 17]
[27, 792, 160, 820, '"Onicamente', 0.6323522329330444, 21]
[162, 798, 218, 817, 'estàn', 0.7438360452651978, 14]
[221, 798, 349, 821, 'garantizados', 0.9903662204742432, 17]
[354, 801, 389, 821, 'por', 0.8514053821563721, 15]
[389, 797, 412, 818, 'el', 0.9996041655540466, 15]
[414, 798, 493, 817, 'Instituto', 0.9970653653144836, 14]
[496, 797, 525, 818, 'de', 0.9976453185081482, 15]
[530, 798, 634, 817, 'Proteccion', 0.9735010862350464, 14]
[637, 795, 660, 818, 'al', 0.9974502921104431, 17]
[662, 798, 731, 817, 'Ahorro', 0.9997877478599548, 14]
[736, 798, 833, 817, 'Bancarios', 0.9989702701568604, 14]
[838, 797, 912, 821, '(IPAB),', 0.9994896650314331, 18]
[914, 797, 948, 820, 'los', 0.9999688863754272, 17]
[949, 798, 1047, 821, 'depositos', 0.9932541251182556, 17]
[1051, 798, 1147, 817, 'bancarios', 0.9945254325866699, 14]
[1149, 794, 1183, 820, 'de', 0.9997503161430359, 19]
[30, 823, 92, 842, 'dinero', 0.9831134080886841, 14]
[94, 823, 114, 846, 'a', 0.999927282333374, 17]
[115, 820, 139, 845, 'la', 0.9998168349266052, 18]
[140, 821, 194, 846, 'vista,', 0.9998592138290405, 18]
[199, 821, 293, 845, 'retirables', 0.9695407152175903, 18]
[295, 824, 324, 845, 'en', 0.9999245405197144, 15]
[329, 823, 374, 845, 'dias', 0.9997805953025818, 16]
[377, 823, 538, 846, 'preestablecidos,', 0.9899826645851135, 17]
[541, 820, 575, 846, 'de', 0.6531182527542114, 19]
[575, 821, 648, 846, 'ahorro,', 0.9999268054962158, 18]
[651, 824, 671, 848, 'y', 0.9812156558036804, 18]
[668, 826, 685, 845, 'a', 0.9999370574951172, 14]
[689, 821, 747, 846, 'plazo', 0.9998365640640259, 18]
[748, 824, 788, 845, 'con', 0.9733842611312866, 15]
[790, 820, 856, 849, 'previo', 0.9999018907546997, 21]
[858, 821, 918, 846, 'aviso,', 0.9995773434638977, 18]
[921, 820, 958, 845, 'asi', 0.9992057681083679, 18]
[960, 824, 1016, 843, 'como', 0.998700737953186, 14]
[1020, 821, 1054, 845, 'los', 0.9999871253967285, 18]
[1056, 823, 1161, 846, 'préstamos', 0.9936603903770447, 17]
[1163, 823, 1183, 849, 'y', 0.9642114639282227, 19]
[29, 846, 111, 869, 'créditos', 0.9989780187606812, 17]
[112, 851, 153, 871, 'que', 0.9619518518447876, 15]
[156, 848, 225, 872, 'acepte', 0.9999039173126221, 18]
[228, 845, 250, 869, 'la', 0.9994258880615234, 18]
[256, 849, 358, 868, 'Institucion,', 0.8892820477485657, 14]
[364, 846, 422, 869, 'hasta', 0.999728262424469, 17]
[425, 849, 464, 874, 'por', 0.999997615814209, 18]
[462, 846, 485, 869, 'el', 0.9994000196456909, 17]
[488, 848, 603, 871, 'equivalente', 0.9928597807884216, 17]
[606, 851, 623, 869, 'a', 0.9999637603759766, 13]
[626, 846, 760, 868, 'cuatrocientas', 0.7382982969284058, 16]
[764, 846, 795, 868, 'mil', 0.9746202230453491, 16]
[799, 846, 856, 869, 'UDIS', 0.9980103373527527, 17]
[856, 849, 897, 874, 'por', 0.9934472441673279, 18]
[897, 849, 985, 872, 'persona,', 0.9997456669807434, 17]
[989, 848, 1092, 871, 'cualquiera', 0.994881272315979, 17]
[1098, 851, 1138, 871, 'que', 0.7298842668533325, 15]
[1139, 849, 1180, 869, 'sea', 0.9997797608375549, 15]
[27, 871, 52, 896, 'el', 0.9284687042236328, 18]
[52, 872, 136, 896, 'numero,', 0.9356961846351624, 18]
[139, 872, 179, 899, 'tipo', 0.9989204406738281, 20]
[177, 874, 199, 899, 'y', 0.9937602877616882, 18]
[199, 874, 252, 893, 'clase', 0.9908052682876587, 14]
[255, 872, 284, 894, 'de', 0.9999183416366577, 16]
[287, 874, 352, 893, 'dichas', 0.9996019005775452, 14]
[357, 874, 481, 897, 'obligaciones', 0.993316650390625, 17]
[484, 876, 501, 894, 'a', 0.999946117401123, 13]
[501, 876, 530, 894, 'su', 0.9993184804916382, 13]
[530, 872, 587, 896, 'favor', 0.9989433884620667, 18]
[584, 874, 604, 899, 'y', 0.9996461868286133, 18]
[603, 877, 620, 896, 'a', 0.9999204874038696, 14]
[621, 876, 682, 899, 'cargo', 0.9998286962509155, 17]
[683, 872, 711, 894, 'de', 0.998465895652771, 16]
[713, 872, 736, 894, 'la', 0.9998527765274048, 16]
[739, 874, 838, 893, 'Institucion', 0.9078961610794067, 14]
[841, 872, 870, 894, 'de', 0.9997120499610901, 16]
[873, 874, 935, 893, 'banca', 0.993854820728302, 14]
[938, 871, 1030, 899, 'multiple."', 0.7670969367027283, 21]
[29, 724, 85, 747, 'Clave', 0.9993427395820618, 17]
[88, 727, 168, 746, 'Bancaria', 0.9839508533477783, 14]
[171, 727, 255, 746, 'Estândar', 0.5428878664970398, 14]
[256, 725, 343, 749, '(CLABE),', 0.9994955062866211, 18]
[344, 725, 378, 749, 'asi', 0.999344527721405, 18]
[378, 729, 431, 747, 'como', 0.998676598072052, 13]
[431, 725, 453, 747, 'el', 0.9916749596595764, 16]
[454, 727, 524, 746, 'nombre', 0.9637669324874878, 14]
[525, 725, 553, 747, 'de', 0.9997860789299011, 16]
[555, 727, 597, 746, 'este', 0.9998712539672852, 14]
[600, 727, 666, 746, 'Banco."', 0.5509324073791504, 14]
[29, 770, 95, 794, 'Todas', 0.9984152317047119, 18]
[95, 770, 129, 794, 'las', 0.9999769926071167, 18]
[129, 770, 188, 794, 'tasas', 0.999983549118042, 18]
[188, 770, 218, 792, 'de', 0.9995847344398499, 16]
[221, 772, 289, 790, 'interés', 0.6805406808853149, 13]
[292, 770, 349, 794, 'estân', 0.6626010537147522, 18]
[354, 772, 468, 795, 'expresadas', 0.9992249011993408, 17]
[471, 773, 499, 792, 'en', 0.9999271631240845, 14]
[502, 772, 589, 790, 'terminos', 0.9996987581253052, 13]
[593, 772, 679, 790, 'anuales.', 0.9992631077766418, 13]
[30, 923, 199, 947, 'www.pab.org.mx', 0.9804450869560242, 18]
[29, 1531, 75, 1550, 'BBVA', 0.999757707118988, 14]
[75, 1530, 149, 1553, 'MEXICO,', 0.9604169130325317, 17]
[148, 1530, 190, 1555, 'S.A.,', 0.7211890816688538, 18]
[193, 1531, 296, 1550, 'INSTITUCION', 0.6714252233505249, 14]
[298, 1530, 327, 1552, 'DE', 0.9998829364776611, 16]
[327, 1531, 386, 1550, 'BANCA', 0.9511099457740784, 14]
[389, 1531, 474, 1550, 'MULTIPLE,', 0.9997959733009338, 14]
[477, 1531, 541, 1550, 'GRUPO', 0.9991162419319153, 14]
[544, 1531, 646, 1550, 'FINANCIERO', 0.9991922974586487, 14]
[648, 1531, 696, 1550, 'BBVA', 0.9886680245399475, 14]
[697, 1531, 764, 1550, 'MEXICO', 0.5794947743415833, 14]
[27, 1550, 55, 1569, 'Av.', 0.9824628829956055, 14]
[50, 1550, 97, 1569, 'Paseo', 0.9988425374031067, 14]
[94, 1550, 117, 1570, 'de', 0.9741142392158508, 15]
[114, 1552, 132, 1569, 'lal', 0.799575924873352, 12]
[129, 1550, 191, 1569, 'Reforma', 0.8663271069526672, 14]
[190, 1552, 224, 1570, '510,', 0.9988917708396912, 13]
[221, 1550, 253, 1569, 'Col..', 0.8885622620582581, 14]
[250, 1550, 300, 1569, 'Juârez,', 0.7226706743240356, 14]
[300, 1550, 357, 1569, 'Alcaldia', 0.9975739121437073, 14]
[355, 1550, 450, 1569, 'Cuauhtémoc;', 0.9461202025413513, 14]
[448, 1550, 477, 1569, 'C.P.', 0.975644588470459, 14]
[474, 1552, 524, 1570, '06600,', 0.9974180459976196, 13]
[522, 1550, 575, 1569, 'Ciudad', 0.8948500752449036, 14]
[575, 1552, 597, 1567, 'del', 0.961384654045105, 11]
[595, 1552, 651, 1570, 'México,', 0.9296761155128479, 13]
[649, 1552, 705, 1570, 'México,', 0.9989694356918335, 13]
[703, 1550, 745, 1570, 'R.F.C.', 0.9899779558181763, 15]
[743, 1552, 846, 1569, 'BBA830831UJ2', 0.39290472865104675, 12]
