[1020, 6, 1092, 29, 'Estado', 0.9949026107788086, 17]
[1092, 5, 1124, 31, 'de', 0.99998939037323, 19]
[1124, 6, 1200, 29, 'Cuenta', 0.8463806509971619, 17]
[920, 39, 999, 57, 'Libreton', 0.9874507188796997, 13]
[1002, 36, 1064, 59, 'Basico', 0.6583079695701599, 17]
[1065, 39, 1132, 57, 'Cuenta', 0.9938191771507263, 13]
[1135, 37, 1198, 62, 'Digital', 0.9609320163726807, 18]
[958, 97, 997, 122, 'DEL', 0.9999501705169678, 18]
[997, 101, 1082, 119, '09/04/2022', 0.9998007416725159, 13]
[1082, 99, 1109, 121, 'AL', 0.9850220084190369, 16]
[1109, 101, 1194, 119, '08/05/2022', 0.9571041464805603, 13]
[1099, 60, 1163, 77, 'PAGINA', 0.9996641874313354, 12]
[1166, 59, 1203, 79, '1/9', 0.97366863489151, 15]
[1107, 128, 1195, 152, '08/05/2022', 0.9981129169464111, 18]
[1101, 161, 1194, 179, '1590782340', 0.9559420943260193, 13]
[1118, 190, 1192, 209, '05938331', 0.9999057054519653, 14]
[1054, 220, 1192, 241, 'HEMA881007-981', 0.8311387896537781, 15]
[1010, 248, 1047, 272, '012', 0.9506456255912781, 18]
[1044, 249, 1078, 272, '840', 0.9915870428085327, 17]
[1076, 251, 1180, 269, '01590782340', 0.893155574798584, 13]
[1178, 251, 1195, 269, '0', 0.9712057709693909, 13]
[637, 101, 696, 119, 'Periodo', 0.9979634284973145, 13]
[634, 128, 686, 152, 'Fecha', 0.9999071359634399, 18]
[683, 130, 708, 152, 'de', 0.9999939203262329, 16]
[708, 130, 753, 152, 'Corte', 0.9997978806495667, 16]
[634, 159, 668, 183, 'No.', 0.9944250583648682, 18]
[663, 159, 688, 181, 'de', 0.9999969005584717, 16]
[688, 161, 743, 179, 'Cuenta', 0.9995254278182983, 13]
[634, 189, 668, 212, 'No.', 0.9402064085006714, 17]
[663, 189, 688, 212, 'de', 0.9999912977218628, 17]
[686, 189, 743, 212, 'Cliente', 0.99614018201828, 17]
[634, 218, 683, 243, 'R.F.C', 0.9037736058235168, 18]
[632, 248, 668, 274, 'No.', 0.993080198764801, 19]
[663, 249, 723, 272, 'Cuenta', 0.9997913241386414, 17]
[723, 251, 779, 269, 'CLABE', 0.999855637550354, 13]
[637, 314, 734, 333, 'DIRECCION:', 0.9181603789329529, 14]
[634, 362, 696, 385, 'PLAZA:', 0.9998939037322998, 17]
[635, 393, 730, 411, 'TELEFONO:', 0.9593702554702759, 13]
[54, 53, 272, 125, 'BBVA', 0.9984031319618225, 54]
[80, 207, 119, 227, 'ANA', 0.9987469911575317, 15]
[120, 207, 201, 226, 'VICTORIA', 0.9981791973114014, 14]
[202, 207, 307, 226, 'HERNANDEZ', 0.9997128844261169, 14]
[309, 207, 394, 226, 'MENDOZA', 0.9995228052139282, 14]
[80, 229, 201, 252, 'CAFRODITA6', 0.9904076457023621, 17]
[81, 254, 120, 274, 'COL', 0.9880984425544739, 15]
[120, 254, 191, 272, 'BADILLO', 0.991299569606781, 13]
[81, 277, 148, 295, 'XALAPA', 0.9998472929000854, 13]
[80, 299, 119, 319, 'VER', 0.9993606209754944, 15]
[635, 289, 731, 306, 'SUCURSAL:', 0.9529533386230469, 12]
[751, 288, 791, 308, '0568', 0.9873359799385071, 15]
[818, 286, 886, 309, 'JALAPAI', 0.9107601046562195, 17]
[886, 288, 940, 306, 'PLAZA', 0.9986988306045532, 13]
[940, 289, 1019, 306, 'CRYSTAL', 0.9961209893226624, 12]
[330, 300, 399, 319, 'MEXICO', 0.998676598072052, 14]
[507, 299, 536, 320, 'CP', 0.999875545501709, 15]
[539, 297, 592, 320, '91190', 0.9999390840530396, 17]
[818, 312, 849, 334, 'AV.', 0.9996680021286011, 16]
[850, 314, 918, 333, 'LAZARO', 0.9863126873970032, 14]
[920, 314, 1014, 331, 'CARDENAS', 0.998602569103241, 12]
[1014, 312, 1047, 333, '345', 0.9999663829803467, 15]
[1047, 312, 1087, 333, 'COL.', 0.9973849654197693, 15]
[1090, 314, 1164, 333, 'ENCINAL', 0.9172906279563904, 14]
[816, 334, 886, 357, 'MEXVE', 0.9998502731323242, 17]
[818, 362, 884, 385, 'JALAPA', 0.9997867941856384, 17]
[819, 393, 884, 411, '8144903', 0.9998090863227844, 13]
[21, 450, 145, 472, 'Informacion', 0.9250048398971558, 16]
[148, 452, 252, 470, 'Financiera', 0.6409906148910522, 13]
[26, 495, 136, 514, 'Rendimiento', 0.832318127155304, 14]
[20, 520, 74, 543, 'Saldo', 0.6884191632270813, 17]
[72, 521, 156, 540, 'Promedio', 0.9962974190711975, 14]
[20, 548, 63, 572, 'Dias', 0.9994520545005798, 18]
[60, 549, 91, 571, 'del', 0.9998490810394287, 16]
[92, 551, 159, 569, 'Periodo', 0.9980853796005249, 13]
[21, 579, 63, 599, 'Tasa', 0.9999066591262817, 15]
[64, 580, 111, 597, 'Bruta', 0.999369204044342, 12]
[112, 579, 165, 597, 'Anual', 0.9959648847579956, 13]
[20, 605, 74, 628, 'Saldo', 0.9991859793663025, 17]
[74, 606, 157, 625, 'Promedio', 0.9959455132484436, 14]
[160, 606, 236, 625, 'Gravable', 0.9976938366889954, 14]
[20, 634, 103, 657, 'Intereses', 0.9986263513565063, 17]
[100, 639, 115, 656, 'a', 0.9996116757392883, 12]
[114, 634, 168, 657, 'Favor', 0.9997115731239319, 17]
[163, 633, 196, 661, '(+)', 0.847011148929596, 21]
[21, 662, 52, 684, 'ISR', 0.9995396137237549, 16]
[52, 664, 129, 682, 'Retenido', 0.9991669654846191, 13]
[131, 662, 154, 687, '()', 0.7252766489982605, 18]
[26, 693, 126, 712, 'Comisiones', 0.9935716390609741, 14]
[21, 719, 98, 744, 'Cheques', 0.9991350769996643, 18]
[100, 719, 174, 744, 'pagados', 0.9999115467071533, 18]
[21, 747, 89, 772, 'Manejo', 0.9962878227233887, 18]
[88, 747, 115, 769, 'de', 0.9999446868896484, 16]
[114, 746, 179, 769, 'Cuenta', 0.9994658827781677, 17]
[20, 777, 71, 800, 'Total', 0.9983863830566406, 17]
[71, 778, 170, 797, 'Comisiones', 0.7494463920593262, 14]
[23, 804, 85, 829, 'Cargos', 0.9991402626037598, 18]
[86, 806, 176, 829, 'Objetados', 0.9999088048934937, 17]
[23, 832, 92, 855, 'Abonos', 0.9910070300102234, 17]
[92, 834, 182, 857, 'Objetados', 0.897489070892334, 17]
[931, 452, 1027, 470, 'MONEDA', 0.9975983500480652, 13]
[1031, 452, 1139, 470, 'NACIONAL', 0.99610435962677, 13]
[623, 493, 771, 517, 'Comportamiento', 0.9863479137420654, 18]
[501, 523, 539, 543, '202,', 0.9992489218711853, 15]
[536, 523, 593, 541, '166.75', 0.999622106552124, 13]
[614, 520, 668, 543, 'Saldo', 0.8756455183029175, 17]
[666, 520, 740, 543, 'Anterior', 0.9999309778213501, 17]
[569, 551, 595, 572, '30', 0.9999197721481323, 15]
[615, 551, 703, 574, 'Depositos', 0.9640277624130249, 17]
[702, 551, 717, 571, '/', 0.9904786348342896, 15]
[714, 549, 785, 572, 'Abonos', 0.997109591960907, 17]
[784, 549, 812, 572, '(+)', 0.9991472959518433, 17]
[545, 580, 595, 599, '0.000', 0.8933017253875732, 14]
[615, 577, 680, 600, 'Retiros', 0.9937212467193604, 17]
[677, 577, 691, 599, '/', 0.9999904632568359, 16]
[689, 579, 753, 603, 'Cargos', 0.9962337613105774, 18]
[751, 577, 774, 602, '()', 0.5212427973747253, 18]
[515, 608, 593, 626, '26661.35', 0.9995551705360413, 13]
[614, 605, 668, 628, 'Saldo', 0.9735040068626404, 17]
[668, 606, 709, 626, 'Final', 0.9844874739646912, 15]
[555, 664, 595, 684, '0.00', 0.9991815686225891, 15]
[555, 749, 593, 769, '0.00', 0.9988831877708435, 15]
[553, 778, 593, 798, '0.00', 0.9989314675331116, 15]
[555, 806, 595, 826, '0.00', 0.9993987083435059, 15]
[555, 834, 595, 854, '0.00', 0.9993987083435059, 15]
[1073, 521, 1167, 544, '204,000.47', 0.9900209903717041, 17]
[1085, 552, 1166, 571, '14,239.20', 0.959385335445404, 14]
[1084, 579, 1167, 602, '17,279.00', 0.9999819993972778, 17]
[1073, 606, 1167, 630, '200,960.67', 0.9956157207489014, 18]
[1127, 636, 1167, 656, '0.00', 0.9970743656158447, 15]
[937, 549, 957, 572, '5', 0.9999102354049683, 17]
[928, 579, 955, 599, '30', 0.9967101812362671, 15]
[368, 579, 391, 599, '%', 0.9999688863754272, 15]
[555, 636, 595, 656, '0.00', 0.9991815686225891, 15]
[614, 634, 668, 657, 'Saldo', 0.9732296466827393, 17]
[668, 636, 751, 654, 'Promedio', 0.673251211643219, 13]
[754, 636, 819, 654, 'Minimo', 0.9960625767707825, 13]
[822, 636, 900, 654, 'Mensual:', 0.6196282505989075, 13]
[371, 724, 382, 739, '0', 0.9468582272529602, 11]
[555, 721, 595, 741, '0.00', 0.999300479888916, 15]
[612, 721, 666, 746, 'Otros', 0.9988248944282532, 18]
[665, 722, 753, 746, 'productos', 0.9996474981307983, 18]
[753, 721, 835, 744, 'incluidos', 0.9665666818618774, 17]
[832, 725, 861, 744, 'en', 0.9997572302818298, 14]
[856, 721, 880, 744, 'el', 0.9911324381828308, 17]
[878, 722, 938, 741, 'estado', 0.9997397065162659, 14]
[937, 721, 965, 744, 'de', 0.9944380521774292, 17]
[963, 724, 1025, 742, 'cuenta', 0.9880250096321106, 13]
[1027, 724, 1135, 742, '(inversiones)', 0.727660059928894, 13]
[812, 742, 853, 763, 'Tasa', 0.9999240636825562, 15]
[852, 742, 880, 763, 'de', 0.9998761415481567, 15]
[918, 755, 958, 773, 'GAT', 0.9999963045120239, 13]
[819, 790, 869, 809, 'anual', 0.9997716546058655, 14]
[827, 843, 863, 862, 'N/A', 0.9932950139045715, 14]
[1011, 755, 1051, 773, 'GAT', 0.9999957084655762, 13]
[1087, 753, 1135, 777, 'Total', 0.8718693256378174, 18]
[1133, 753, 1161, 775, 'de', 0.9997560381889343, 16]
[1013, 843, 1050, 862, 'N/A', 0.9969621300697327, 14]
[627, 767, 703, 786, 'Contrato', 0.9985041618347168, 14]
[720, 767, 798, 786, 'Producto', 0.9998183846473694, 14]
[815, 767, 875, 786, 'Interes', 0.9998751878738403, 14]
[901, 780, 974, 797, 'Nominal', 0.9920670986175537, 12]
[1013, 778, 1050, 798, 'Real', 0.999875545501709, 15]
[1076, 780, 1172, 798, 'comisiones', 0.9325546622276306, 13]
[915, 815, 960, 834, 'ANTES', 0.9998076558113098, 14]
[958, 817, 980, 832, 'DE', 0.8597703576087952, 11]
[980, 818, 1051, 831, 'IMPUESTOS', 0.98639315366745, 9]
[920, 843, 957, 862, 'N/A', 0.9995457530021667, 14]
[366, 832, 386, 855, '0', 0.9931743741035461, 17]
[649, 843, 686, 862, 'N/A', 0.731464147567749, 14]
[740, 843, 776, 862, 'N/A', 0.9945389628410339, 14]
[1115, 843, 1150, 862, 'N/A', 0.9901435375213623, 14]
[16, 976, 91, 999, 'Detalle', 0.7947337031364441, 17]
[92, 978, 122, 999, 'de', 0.9990457892417908, 15]
[125, 978, 258, 999, 'Movimientos', 0.9911869168281555, 15]
[262, 979, 368, 998, 'Realizados', 0.999043881893158, 14]
[78, 1038, 137, 1055, 'FECHA', 0.9783177375793457, 12]
[43, 1057, 91, 1075, 'OPER', 0.998687207698822, 13]
[1036, 1036, 1098, 1055, 'SALDO', 0.5991441011428833, 14]
[1073, 1058, 1187, 1077, 'LIQUIDACION', 0.5080364942550659, 14]
[1102, 1092, 1191, 1111, '203,925.47', 0.9936741590499878, 14]
[139, 1057, 173, 1080, 'LIQ', 0.9995686411857605, 17]
[210, 1058, 324, 1075, 'DESCRIPCION', 0.9898507595062256, 12]
[643, 1058, 747, 1075, 'REFERENCIA', 0.9466012716293335, 12]
[762, 1058, 835, 1075, 'CARGOS', 0.997005045413971, 12]
[847, 1058, 923, 1075, 'ABONOS', 0.9986116886138916, 12]
[926, 1058, 1028, 1075, 'OPERACION', 0.9949623346328735, 12]
[638, 1115, 731, 1132, 'Referencia', 0.9954375624656677, 12]
[734, 1115, 841, 1132, '0173643674', 0.5218021273612976, 12]
[844, 1114, 880, 1134, '072', 0.999804675579071, 15]
[32, 1091, 102, 1109, '10/ABR', 0.9875590205192566, 13]
[122, 1091, 191, 1109, '11/ABR', 0.9451147317886353, 13]
[213, 1091, 259, 1109, 'SPEI', 0.9995310306549072, 13]
[264, 1092, 446, 1109, 'RECIBIDOBANORIE', 0.9747862815856934, 12]
[872, 1091, 918, 1109, '75.00', 0.9949676394462585, 13]
[940, 1092, 1028, 1111, '204,075.47', 0.9999383687973022, 14]
[213, 1115, 338, 1132, '0220410helado', 0.9970324039459229, 12]
[213, 1137, 412, 1154, '0007284006927703421', 0.45879921317100525, 12]
[211, 1157, 510, 1179, '3843CP05202204101675593002', 0.7302612066268921, 16]
[211, 1180, 256, 1199, 'ANA', 0.9995207786560059, 14]
[259, 1182, 355, 1199, 'VICTORIA', 0.9568859934806824, 12]
[358, 1179, 485, 1200, 'HERNANDEZ', 0.9998843669891357, 15]
[490, 1180, 592, 1199, 'MENDOZA', 0.9988676309585571, 14]
[211, 1227, 258, 1245, 'RFC:', 0.9994623064994812, 13]
[258, 1227, 293, 1245, 'HIN', 0.9979856014251709, 13]
[293, 1227, 397, 1244, '040729HW3', 0.5520237684249878, 12]
[402, 1227, 448, 1245, '19:45', 0.9973388314247131, 13]
[450, 1227, 494, 1245, 'AUT:', 0.9995474219322205, 13]
[496, 1227, 558, 1245, '713772', 0.9990854263305664, 13]
[32, 1203, 102, 1222, '11/ABR', 0.8194798827171326, 14]
[120, 1203, 191, 1222, '09/ABR', 0.9999092817306519, 14]
[213, 1202, 247, 1225, 'DQ', 0.9998488426208496, 17]
[247, 1203, 313, 1222, 'SANTA', 0.9982559084892273, 14]
[317, 1203, 374, 1222, 'LUCIA', 0.9998689889907837, 14]
[791, 1203, 838, 1222, '75.00', 0.9999308586120605, 14]
[940, 1203, 1028, 1222, '204,000.47', 0.9932752847671509, 14]
[1104, 1203, 1191, 1222, '204,000.47', 0.9710917472839355, 14]
[638, 1227, 731, 1244, 'Referencia', 0.9954375624656677, 12]
[768, 1227, 822, 1245, '*2315', 0.9329704642295837, 13]
[27, 1507, 52, 1530, 'La', 0.9982079267501831, 17]
[50, 1508, 89, 1528, 'GAT', 0.9999635219573975, 15]
[89, 1508, 126, 1528, 'Real', 0.9999408721923828, 15]
[126, 1510, 151, 1530, 'es', 0.9996218681335449, 15]
[148, 1507, 168, 1530, 'el', 0.9985294342041016, 17]
[168, 1510, 256, 1527, 'rendimiento', 0.9777741432189941, 12]
[256, 1511, 289, 1531, 'que', 0.5632858872413635, 15]
[289, 1510, 361, 1527, 'obtendria', 0.8922107219696045, 12]
[361, 1508, 428, 1531, 'después', 0.9882075190544128, 17]
[428, 1508, 453, 1528, 'de', 0.9995219707489014, 15]
[453, 1510, 527, 1527, 'descontar', 0.9996222257614136, 12]
[527, 1507, 547, 1530, 'lai', 0.5309582352638245, 17]
[547, 1508, 609, 1527, 'inflacion', 0.887266993522644, 14]
[612, 1510, 680, 1527, 'estimada', 0.9144055843353271, 12]
[29, 1531, 75, 1550, 'BBVA', 0.999757707118988, 14]
[75, 1530, 149, 1553, 'MEXICO,', 0.9208113551139832, 17]
[148, 1530, 190, 1555, 'S.A.,', 0.7159404158592224, 18]
[193, 1531, 298, 1550, 'INSTITUCION', 0.623522937297821, 14]
[300, 1530, 327, 1552, 'DE', 0.9999275207519531, 16]
[326, 1530, 389, 1553, 'BANCA', 0.9938108325004578, 17]
[388, 1530, 476, 1553, 'MULTIPLE,', 0.9993239641189575, 17]
[477, 1531, 541, 1550, 'GRUPO', 0.9991162419319153, 14]
[544, 1531, 646, 1550, 'FINANCIERO', 0.9991922974586487, 14]
[648, 1531, 696, 1550, 'BBVA', 0.9886680245399475, 14]
[697, 1531, 764, 1550, 'MEXICO', 0.5794947743415833, 14]
[27, 1550, 55, 1569, 'Av.', 0.9392712712287903, 14]
[52, 1550, 97, 1569, 'Paseo', 0.9971768856048584, 14]
[94, 1548, 117, 1569, 'de', 0.9982563853263855, 15]
[114, 1550, 131, 1569, 'la', 0.9994950294494629, 14]
[131, 1548, 191, 1567, 'Reforma', 0.9918985366821289, 14]
[190, 1550, 224, 1569, '510,', 0.9996925592422485, 14]
[219, 1550, 253, 1569, 'Col..', 0.9273126125335693, 14]
[250, 1550, 301, 1569, 'Juârez,', 0.5078969597816467, 14]
[298, 1550, 357, 1567, 'Alcaldia', 0.9980745315551758, 12]
[355, 1550, 450, 1569, 'Cuauhtémoc;', 0.8852578997612, 14]
[448, 1548, 477, 1567, 'C.P.', 0.9121383428573608, 14]
[474, 1550, 524, 1569, '06600,', 0.9996060729026794, 14]
[522, 1550, 575, 1567, 'Ciudad', 0.9979045391082764, 12]
[575, 1552, 595, 1567, 'de', 0.9998505115509033, 11]
[595, 1550, 651, 1569, 'México,', 0.9982252717018127, 14]
[649, 1550, 703, 1567, 'México', 0.6544833779335022, 12]
[700, 1550, 740, 1569, 'R.F.C.', 0.8302091360092163, 14]
[740, 1550, 841, 1567, 'BBA830831UJ2', 0.5927539467811584, 12]
