[54, 51, 272, 125, 'BBVA', 0.9998831748962402, 55]
[997, 70, 1068, 93, 'Estado', 0.9940266609191895, 17]
[1068, 68, 1101, 94, 'de', 0.9999492168426514, 19]
[1101, 70, 1177, 93, 'Cuenta', 0.9992433786392212, 17]
[898, 101, 976, 119, 'Libreton', 0.5021283626556396, 13]
[979, 99, 1042, 122, 'Basico', 0.6551993489265442, 17]
[1042, 102, 1110, 121, 'Cuenta', 0.998687207698822, 14]
[1113, 101, 1177, 125, 'Digital', 0.9758514165878296, 18]
[1076, 122, 1139, 141, 'PAGINA', 0.9960961937904358, 14]
[1143, 122, 1180, 142, '5/9', 0.9899752736091614, 15]
[1092, 201, 1194, 220, '1590782340', 0.9605440497398376, 14]
[1110, 235, 1191, 254, '05938331', 0.9997856020927429, 14]
[668, 200, 720, 223, 'No.de', 0.9041646122932434, 17]
[709, 200, 767, 223, 'Cuenta', 0.501950204372406, 17]
[668, 234, 720, 257, 'No.de', 0.9566631317138672, 17]
[714, 234, 765, 257, 'Cliente', 0.9189059734344482, 17]
[245, 362, 270, 384, 'Le', 0.9998900890350342, 16]
[270, 364, 366, 382, 'informamos', 0.8810994029045105, 13]
[368, 367, 402, 387, 'que', 0.656261146068573, 15]
[402, 362, 454, 387, 'puede', 0.9999908208847046, 18]
[456, 365, 535, 384, 'consultar,', 0.9983996748924255, 14]
[538, 367, 559, 382, 'en', 0.999932050704956, 11]
[561, 364, 638, 387, 'cualquier', 0.9976025223731995, 17]
[640, 365, 719, 384, 'momento,', 0.9973556995391846, 14]
[720, 362, 740, 385, 'el', 0.9995514750480652, 17]
[740, 364, 808, 382, 'contrato', 0.9986434578895569, 13]
[810, 364, 941, 385, 'correspondiente', 0.9834640622138977, 15]
[941, 365, 957, 384, 'a', 0.9999014139175415, 14]
[955, 364, 994, 384, 'esta', 0.9999586343765259, 15]
[994, 365, 1050, 382, 'cuenta', 0.9944549202919006, 12]
[270, 390, 295, 407, 'en', 0.9994575381278992, 12]
[295, 387, 347, 405, 'nuetra', 0.9999362230300903, 13]
[349, 385, 406, 410, 'pagina', 0.8707234263420105, 18]
[405, 385, 429, 407, 'de', 0.9999997615814209, 16]
[431, 387, 493, 405, 'internet', 0.8331941366195679, 13]
[494, 387, 666, 408, 'https.www.bbva.my,', 0.5222386717796326, 15]
[668, 390, 689, 405, 'en', 0.9998838901519775, 11]
[689, 385, 711, 407, 'el', 0.999237060546875, 16]
[709, 387, 782, 410, 'apartado', 0.9997490048408508, 17]
[782, 385, 812, 407, 'del', 0.9996217489242554, 16]
[812, 385, 886, 410, 'producto', 0.9989400506019592, 18]
[889, 387, 979, 405, 'contratado.', 0.9638974666595459, 13]
[29, 1531, 75, 1550, 'BBVA', 0.999757707118988, 14]
[75, 1530, 149, 1553, 'MEXICO,', 0.9604169130325317, 17]
[148, 1530, 190, 1555, 'S.A.,', 0.7211890816688538, 18]
[193, 1531, 296, 1550, 'INSTITUCION', 0.6714252233505249, 14]
[298, 1530, 327, 1552, 'DE', 0.9998829364776611, 16]
[327, 1531, 386, 1550, 'BANCA', 0.9511099457740784, 14]
[389, 1531, 474, 1550, 'MULTIPLE,', 0.9997959733009338, 14]
[477, 1531, 541, 1550, 'GRUPO', 0.9991162419319153, 14]
[544, 1531, 646, 1550, 'FINANCIERO', 0.9991922974586487, 14]
[648, 1531, 696, 1550, 'BBVA', 0.9886680245399475, 14]
[697, 1531, 764, 1550, 'MEXICO', 0.5794947743415833, 14]
[27, 1550, 55, 1569, 'Av.', 0.9824628829956055, 14]
[50, 1550, 97, 1569, 'Paseo', 0.9988425374031067, 14]
[94, 1550, 117, 1570, 'de', 0.9741142392158508, 15]
[114, 1552, 132, 1569, 'lal', 0.799575924873352, 12]
[129, 1550, 191, 1569, 'Reforma', 0.8663271069526672, 14]
[190, 1552, 224, 1570, '510,', 0.9988917708396912, 13]
[221, 1550, 253, 1569, 'Col..', 0.8885622620582581, 14]
[250, 1550, 300, 1569, 'Juârez,', 0.7226706743240356, 14]
[300, 1550, 357, 1569, 'Alcaldia', 0.9975739121437073, 14]
[355, 1550, 450, 1569, 'Cuauhtémoc;', 0.9461202025413513, 14]
[448, 1550, 477, 1569, 'C.P.', 0.975644588470459, 14]
[474, 1552, 524, 1570, '06600,', 0.9974180459976196, 13]
[522, 1550, 575, 1569, 'Ciudad', 0.8948500752449036, 14]
[575, 1552, 597, 1567, 'del', 0.961384654045105, 11]
[595, 1552, 651, 1570, 'México,', 0.9296761155128479, 13]
[649, 1552, 705, 1570, 'México,', 0.9989694356918335, 13]
[703, 1550, 745, 1570, 'R.F.C.', 0.9899779558181763, 15]
[743, 1552, 846, 1569, 'BBA830831UJ2', 0.39290472865104675, 12]
