[1031, 46, 1102, 70, 'Estado', 0.9994744658470154, 18]
[1102, 45, 1135, 71, 'de', 0.9999492168426514, 19]
[1135, 46, 1211, 70, 'Cuenta', 0.7814109921455383, 18]
[54, 51, 272, 125, 'BBVA', 0.9998831748962402, 55]
[932, 79, 1010, 97, 'Libreton', 0.9806868433952332, 13]
[1014, 79, 1073, 97, 'Basico', 0.9391469359397888, 13]
[1076, 79, 1144, 97, 'Cuenta', 0.9991434812545776, 13]
[1147, 77, 1211, 102, 'Digital', 0.9868714809417725, 18]
[1110, 101, 1174, 118, 'PAGINA', 0.9998466968536377, 12]
[1177, 99, 1215, 119, '9/9', 0.9944664835929871, 15]
[1090, 142, 1195, 166, '1590782340', 0.9999599456787109, 18]
[1109, 176, 1192, 200, '05938331', 0.9984925985336304, 18]
[666, 142, 767, 166, 'No.deCuenta', 0.9998650550842285, 18]
[668, 176, 720, 201, 'No.de', 0.9916975498199463, 18]
[714, 176, 765, 200, 'Cliente', 0.6396697759628296, 18]
[146, 265, 201, 283, 'Cuida', 0.999921441078186, 13]
[202, 263, 224, 285, 'el', 0.9992109537124634, 16]
[225, 265, 283, 283, 'medio', 0.9985371828079224, 13]
[286, 265, 369, 283, 'ambiente', 0.875299334526062, 13]
[374, 266, 484, 283, 'consultando', 0.9869181513786316, 12]
[487, 266, 505, 283, 'tu', 0.9995692372322083, 12]
[508, 265, 572, 283, 'estado', 0.9992955923080444, 13]
[572, 263, 601, 285, 'de', 0.9997326731681824, 16]
[603, 266, 665, 283, 'cuenta', 0.9929118752479553, 12]
[666, 266, 694, 285, 'en', 0.9998167157173157, 14]
[694, 263, 824, 285, 'www.bbva.mx', 0.8172189593315125, 16]
[825, 265, 906, 283, 'recuerda', 0.9882060289382935, 13]
[909, 268, 946, 288, 'que', 0.9902504682540894, 15]
[949, 265, 966, 283, 'el', 0.9995773434638977, 13]
[969, 265, 1027, 283, 'medio', 0.9932223558425903, 13]
[417, 289, 502, 306, 'ambiente', 0.9905645847320557, 12]
[505, 292, 530, 309, 'es', 0.9991253018379211, 12]
[532, 289, 674, 311, 'responsabilidad', 0.8952405452728271, 16]
[675, 288, 703, 309, 'de', 0.9999644756317139, 15]
[705, 289, 756, 308, 'todos', 0.9994376301765442, 14]
[24, 360, 71, 379, 'Folio', 0.9976772665977478, 14]
[74, 360, 132, 379, 'Fiscal:', 0.9886771440505981, 14]
[21, 435, 74, 458, 'Sello', 0.9979908466339111, 17]
[72, 435, 132, 459, 'Digital', 0.9082632064819336, 18]
[617, 360, 713, 379, 'Certificado', 0.6368667483329773, 14]
[612, 393, 833, 410, '00001000000509478830', 0.9641001224517822, 12]
[20, 388, 428, 411, '0AB9185E-432F40199880-F392DE94ADE2', 0.3860938251018524, 17]
[21, 464, 989, 486, "TIMNmNu5Zyp1lysZQaChg5WKCEYIJyUTdy/xg4r8RlyldeFCY/63p'aTipu.Mlywd*+R2ElogeozZDeBBNNO#VIWZL6", 0.14172618091106415, 16]
[21, 484, 991, 507, 'akyoQP734LG1XvgMAXOA9BWwIMoXITYSW-FPF25Wrlvogukzalim047N2KOdenMARBEOSQaV4R5-XAmk+Z1WG4', 0.1870124489068985, 17]
[21, 504, 993, 527, 'NXYKWWUEXo1V8KlunXP14Uh3403/miD6T4bZ0PRdlMyw.Miraa-si0KVHDbpX45aDY3h9VSn2hB2EMP8OwwVFJyFINK', 0.25925254821777344, 17]
[23, 526, 702, 548, 'BDSXeNYYsyV0610DuIz-eRENSFCerfML-B0r28F2yfDgl-at509/PBK7sQbaQ--', 0.20036427676677704, 16]
[23, 583, 72, 602, 'Sello', 0.9999643564224243, 14]
[72, 583, 114, 603, 'SAT', 0.9997921586036682, 15]
[20, 606, 986, 630, 'MDAXDXXUgFPhEDWAFUNANMAGOA1XIYPamopg.iny@FCHKUWTaYLTGM_TGnPPOI6x-FeOcZuAVAxtGgpbibgCu', 0.15732882916927338, 18]
[20, 628, 982, 650, 'Du3NKeUKOJWRWRIWhAXPGa.mg2VYK7wB8VbyctemkG2KBNVRupR.,MCg7CCPmic-M5En-y@zwiyniMSU/Vnt5lA+', 0.25036871433258057, 16]
[20, 648, 988, 670, 'G9VSCBM/RIR6K/m8yg8AWE7UADXCWAD9OGw/MmRRdP2L7FBI260b9F4266Pdfnswinsw.nUASKAuQglEpaXGocGB46517', 0.2561855614185333, 16]
[20, 668, 657, 691, '41g76PuxL7USUSSCIEPHMB3DPUAPMMah28someetyuypRYIF)HPUGW:', 0.23364706337451935, 17]
[18, 730, 55, 755, 'No.', 0.9953450560569763, 18]
[52, 733, 80, 753, 'de', 0.9999758005142212, 15]
[80, 733, 128, 752, 'Serie', 0.8374363780021667, 14]
[128, 733, 159, 753, 'del', 0.9967556595802307, 15]
[160, 735, 258, 752, 'Certificado', 0.9844198822975159, 12]
[258, 733, 289, 753, 'del', 0.9967556595802307, 15]
[290, 733, 335, 752, 'SAT:', 0.9996156692504883, 14]
[338, 736, 538, 749, '00001000000508164369', 0.9840075373649597, 9]
[20, 815, 88, 832, 'Cadena', 0.999818742275238, 12]
[89, 814, 160, 837, 'Original', 0.9955228567123413, 17]
[162, 814, 193, 834, 'del', 0.9835528135299683, 15]
[194, 817, 315, 837, 'complemento', 0.8542367815971375, 15]
[315, 814, 341, 834, 'de', 0.9995556473731995, 15]
[341, 815, 450, 832, 'certificacion', 0.80797278881073, 12]
[451, 814, 510, 837, 'digital', 0.9034804105758667, 17]
[510, 814, 541, 834, 'del', 0.9998608827590942, 15]
[542, 815, 587, 832, 'SAT:', 0.9995755553245544, 12]
[20, 905, 515, 928, 'FZyFDg*a-509PBK/-@hag--p00roc0005081643691', 0.22257283329963684, 17]
[614, 733, 669, 752, 'Fecha', 0.9999816417694092, 14]
[669, 736, 685, 755, 'y', 0.9950306415557861, 14]
[685, 733, 728, 752, 'hora', 0.9999661445617676, 14]
[728, 733, 754, 753, 'de', 0.999849796295166, 15]
[757, 735, 1042, 752, 'certificacion:2022-05-07713.0952', 0.30546504259109497, 12]
[21, 840, 991, 863, '1-10AB9185E-432F-4019-9880-F392DE94ADE22022022.05.07713095217MNnNusZyp1wSNZOaCrg5wKCEY1JyUTdy', 0.2643089294433594, 17]
[23, 857, 996, 880, 'kg4r8RlytdcFCY/63PYaTiPuMAydy2ElpgeozzDeBENNOyWZLGaKypQPP4LGIXI9MpgA96wwNMdXITYSwFP', 0.16195467114448547, 17]
[18, 872, 993, 896, '25WivogzalimgATNEKOGeMARBEOSGNVARSXAnK-ZIWGANXEWIEXOMAKEnXPI4UN3403/miD6I4b2', 0.21634520590305328, 18]
[18, 889, 993, 913, 'pReMpw.Mras-sOkVADRO4EADYANSVSZAB2EMFSOAMwyFNABDSXaNysu0sIDuIz-RENSFCeFFML-B02,', 0.17809905111789703, 18]
[375, 942, 420, 964, 'Este', 0.999832272529602, 16]
[422, 944, 524, 961, 'documento', 0.8170720934867859, 12]
[524, 945, 552, 964, 'es', 0.7981711626052856, 14]
[553, 947, 589, 961, 'una', 0.991259753704071, 10]
[592, 942, 726, 965, 'representacion', 0.6033946871757507, 17]
[728, 942, 804, 965, 'impresa', 0.9992485642433167, 17]
[804, 942, 833, 962, 'de', 0.9998993873596191, 15]
[835, 947, 859, 961, 'un', 0.9994931221008301, 10]
[859, 940, 917, 964, 'CFDI.', 0.9732796549797058, 18]
[799, 1040, 861, 1057, 'Emitido', 0.9547524452209473, 12]
[863, 1043, 886, 1057, 'en', 0.9998726844787598, 10]
[507, 1074, 567, 1092, 'Ciudad', 0.9968896508216858, 13]
[569, 1075, 590, 1091, 'de', 0.9999513626098633, 12]
[593, 1075, 657, 1094, 'México,', 0.9955944418907166, 14]
[662, 1074, 720, 1091, 'México', 0.9403185248374939, 12]
[720, 1075, 737, 1092, 'a', 0.9999150037765503, 12]
[737, 1075, 759, 1091, '07', 0.9999963045120239, 12]
[760, 1072, 787, 1092, 'de', 0.9998500347137451, 15]
[785, 1072, 836, 1097, 'Mayo', 0.999849796295166, 18]
[835, 1072, 861, 1094, 'de', 0.9999833106994629, 16]
[861, 1074, 906, 1092, '2022', 0.6119265556335449, 13]
[904, 1075, 921, 1092, 'a', 0.9999067783355713, 12]
[920, 1074, 949, 1094, 'las', 0.9999065399169922, 15]
[949, 1074, 1022, 1092, '07:41:16', 0.9883421063423157, 13]
[33, 1205, 134, 1224, '"Estimado', 0.9993608593940735, 14]
[137, 1203, 213, 1227, 'Cliente,', 0.9948893785476685, 18]
[214, 1203, 236, 1225, 'le', 0.9999619722366333, 16]
[239, 1205, 355, 1224, 'informamos', 0.8362997770309448, 14]
[357, 1208, 395, 1228, 'que', 0.6863965392112732, 15]
[399, 1208, 436, 1228, 'por', 0.9999902248382568, 15]
[437, 1203, 552, 1227, 'Disposicion', 0.864020586013794, 18]
[556, 1205, 618, 1224, 'Oficial', 0.9846524596214294, 14]
[620, 1207, 637, 1225, 'a', 0.9999340772628784, 13]
[638, 1203, 694, 1228, 'partir', 0.9999579191207886, 18]
[696, 1203, 730, 1227, 'del', 0.9701905250549316, 18]
[728, 1203, 754, 1225, '11', 0.9999982118606567, 16]
[756, 1203, 785, 1225, 'de', 0.9986866116523743, 16]
[785, 1207, 844, 1225, 'enero', 0.9998819828033447, 13]
[846, 1203, 875, 1225, 'de', 0.9991686344146729, 16]
[875, 1203, 929, 1227, '2018,', 0.9999134540557861, 18]
[929, 1203, 952, 1225, 'si', 0.9999599456787109, 16]
[954, 1205, 1017, 1224, 'realiza', 0.9961036443710327, 14]
[1022, 1205, 1160, 1222, 'transferencias', 0.9653635621070862, 12]
[1161, 1203, 1191, 1225, 'de', 0.9999982118606567, 16]
[33, 1228, 102, 1247, 'fondos', 0.9998279809951782, 14]
[106, 1228, 210, 1247, 'nacionales', 0.9462795257568359, 14]
[211, 1230, 241, 1248, 'en', 0.99726402759552, 13]
[242, 1228, 321, 1247, 'moneda', 0.9977537989616394, 14]
[324, 1227, 423, 1250, 'extranjera', 0.9997956156730652, 17]
[425, 1230, 440, 1250, 'y', 0.9824803471565247, 15]
[442, 1227, 583, 1248, 'transferencias', 0.9616971015930176, 15]
[584, 1227, 612, 1248, 'de', 0.999985933303833, 15]
[614, 1228, 682, 1247, 'fondos', 0.9998779296875, 14]
[685, 1227, 839, 1250, 'internacionales,', 0.9361050724983215, 17]
[844, 1228, 903, 1247, 'BBVA', 0.9990565180778503, 14]
[906, 1228, 949, 1247, 'està', 0.8372823596000671, 14]
[951, 1227, 1037, 1250, 'obligado', 0.9315712451934814, 17]
[1037, 1227, 1058, 1250, 'a', 0.9998258948326111, 17]
[1058, 1230, 1152, 1248, 'compartir', 0.9990848302841187, 13]
[1153, 1230, 1194, 1248, 'con', 0.9871394038200378, 13]
[32, 1251, 85, 1270, 'otras', 0.9998422861099243, 14]
[88, 1251, 185, 1268, 'Entidades', 0.9997425675392151, 12]
[188, 1251, 301, 1270, 'Financieras', 0.9943576455116272, 14]
[303, 1248, 326, 1272, 'la', 0.999879002571106, 18]
[326, 1248, 445, 1272, 'informacion', 0.5993850231170654, 18]
[446, 1250, 607, 1273, 'correspondiente', 0.7192559838294983, 17]
[607, 1253, 624, 1272, 'a', 0.999907374382019, 14]
[624, 1253, 663, 1272, 'esa', 0.7959287762641907, 14]
[665, 1250, 764, 1273, 'operacion', 0.8550885915756226, 17]
[767, 1255, 804, 1268, 'con', 0.99985671043396, 9]
[807, 1251, 856, 1268, 'fines', 0.9820329546928406, 12]
[858, 1250, 887, 1270, 'de', 0.9996950626373291, 15]
[889, 1251, 977, 1270, 'consulta,', 0.9993934631347656, 14]
[982, 1253, 1019, 1273, 'por', 0.999992847442627, 15]
[1019, 1248, 1040, 1270, 'lo', 0.9991887211799622, 16]
[1042, 1253, 1081, 1273, 'que', 0.9437298774719238, 15]
[1082, 1248, 1105, 1272, 'si', 0.9996583461761475, 18]
[1105, 1250, 1178, 1268, 'efectua', 0.9445141553878784, 13]
[33, 1275, 98, 1293, 'dichas', 0.8806477785110474, 13]
[102, 1273, 222, 1296, 'operaciones', 0.9728381037712097, 17]
[222, 1276, 252, 1295, 'se', 0.9999619722366333, 14]
[253, 1275, 351, 1292, 'entendera', 0.7192543148994446, 12]
[354, 1278, 392, 1296, 'que', 0.9824322462081909, 13]
[394, 1273, 460, 1296, 'otorga', 0.9998014569282532, 17]
[462, 1275, 490, 1295, 'su', 0.9988682270050049, 15]
[491, 1275, 641, 1292, 'consentimiento', 0.5811156630516052, 12]
[643, 1275, 691, 1298, 'para', 0.9999054670333862, 17]
[691, 1272, 747, 1295, 'ello."', 0.9995538592338562, 17]
[35, 1366, 88, 1391, '(Solo', 0.8907207250595093, 18]
[89, 1366, 148, 1391, 'aplica', 0.9981024861335754, 18]
[148, 1369, 196, 1392, 'para', 0.9996143579483032, 17]
[199, 1371, 287, 1389, 'personas', 0.9986396431922913, 13]
[290, 1366, 364, 1389, 'Fisicas)', 0.9934304356575012, 17]
[35, 1395, 123, 1414, 'Estimado', 0.9993240833282471, 14]
[128, 1395, 273, 1412, 'cliente:Ponemos', 0.9816651940345764, 12]
[273, 1397, 290, 1414, 'a', 0.9781476855278015, 12]
[289, 1398, 313, 1415, 'su', 0.9980765581130981, 12]
[313, 1397, 400, 1415, 'disposicion', 0.9172375798225403, 13]
[403, 1395, 420, 1412, 'la', 0.9997928738594055, 12]
[422, 1395, 471, 1412, 'ultima', 0.5942699909210205, 12]
[473, 1395, 532, 1412, 'version', 0.7651235461235046, 12]
[533, 1394, 561, 1414, 'del', 0.9999228715896606, 15]
[561, 1395, 609, 1412, 'Aviso', 0.9998052716255188, 12]
[609, 1397, 634, 1414, 'de', 0.9995922446250916, 12]
[634, 1395, 717, 1412, 'Privacidad', 0.9947421550750732, 12]
[719, 1398, 742, 1412, 'en', 0.9998918771743774, 10]
[743, 1395, 856, 1412, 'www.bbva.mx', 0.5319534540176392, 12]
[855, 1397, 872, 1414, 'o', 0.562812864780426, 12]
[869, 1397, 897, 1415, 'en', 0.9997861981391907, 13]
[897, 1397, 977, 1415, 'cualquiera', 0.9925780892372131, 13]
[980, 1397, 1005, 1414, 'de', 0.999372661113739, 12]
[1006, 1398, 1073, 1411, 'nuestras', 0.9984902143478394, 9]
[1076, 1395, 1167, 1412, 'sucursales.', 0.9881353378295898, 12]
[29, 1531, 75, 1550, 'BBVA', 0.999757707118988, 14]
[75, 1530, 149, 1553, 'MEXICO,', 0.9604169130325317, 17]
[148, 1530, 190, 1555, 'S.A.,', 0.7211890816688538, 18]
[191, 1531, 298, 1550, 'INSTITUCION', 0.9386760592460632, 14]
[298, 1530, 327, 1552, 'DE', 0.9998829364776611, 16]
[327, 1531, 386, 1550, 'BANCA', 0.9511099457740784, 14]
[389, 1531, 474, 1550, 'MULTIPLE,', 0.9997959733009338, 14]
[477, 1531, 541, 1550, 'GRUPO', 0.9991162419319153, 14]
[542, 1531, 646, 1550, 'FINANCIERO', 0.9984972476959229, 14]
[648, 1531, 696, 1550, 'BBVA', 0.9886680245399475, 14]
[697, 1531, 764, 1550, 'MEXICO', 0.5794947743415833, 14]
[880, 1528, 943, 1552, 'Régimen', 0.9949753284454346, 18]
[943, 1528, 989, 1547, 'Fiscal:', 0.9992972612380981, 14]
[27, 1550, 55, 1569, 'Av.', 0.9824628829956055, 14]
[50, 1550, 97, 1569, 'Paseo', 0.9988425374031067, 14]
[94, 1550, 117, 1570, 'de', 0.9741142392158508, 15]
[114, 1552, 132, 1569, 'lal', 0.799575924873352, 12]
[129, 1550, 191, 1569, 'Reforma', 0.8663271069526672, 14]
[190, 1552, 224, 1570, '510,', 0.9988917708396912, 13]
[221, 1550, 253, 1569, 'Col..', 0.8885622620582581, 14]
[250, 1550, 300, 1569, 'Juârez,', 0.7226706743240356, 14]
[300, 1550, 357, 1569, 'Alcaldia', 0.9975739121437073, 14]
[355, 1550, 450, 1569, 'Cuauhtémoc;', 0.9461202025413513, 14]
[448, 1548, 477, 1569, 'C.P.', 0.9850471019744873, 15]
[474, 1552, 524, 1570, '06600,', 0.9974180459976196, 13]
[522, 1550, 575, 1569, 'Ciudad', 0.8948500752449036, 14]
[575, 1552, 597, 1567, 'del', 0.961384654045105, 11]
[595, 1552, 651, 1570, 'México,', 0.9296761155128479, 13]
[649, 1552, 705, 1570, 'México,', 0.9989694356918335, 13]
[703, 1550, 745, 1570, 'R.F.C.', 0.9899779558181763, 15]
[743, 1552, 846, 1569, 'BBA830831UJ2', 0.39290472865104675, 12]
[880, 1547, 943, 1570, 'Régimen', 0.9993124008178711, 17]
[943, 1548, 999, 1567, 'General', 0.9938207268714905, 14]
[999, 1547, 1020, 1569, 'de', 0.9997338652610779, 16]
[1019, 1548, 1036, 1567, 'la', 0.9995471835136414, 14]
[1034, 1548, 1064, 1570, 'Ley', 0.9999687671661377, 16]
[1064, 1548, 1129, 1567, 'Personas', 0.9999024868011475, 14]
[1130, 1548, 1186, 1567, 'Morales', 0.9989950060844421, 14]
