[1025, 46, 1098, 70, 'Estado', 0.9999288320541382, 18]
[1096, 45, 1129, 71, 'de', 0.9999943971633911, 19]
[1129, 46, 1204, 70, 'Cuenta', 0.9999327659606934, 18]
[54, 51, 272, 125, 'BBVA', 0.9998831748962402, 55]
[926, 79, 1003, 97, 'Libreton', 0.949588418006897, 13]
[1010, 79, 1068, 97, 'Basico', 0.9360774755477905, 13]
[1071, 79, 1138, 97, 'Cuenta', 0.9998267292976379, 13]
[1141, 77, 1203, 102, 'Digital', 0.8075984716415405, 18]
[1105, 101, 1167, 118, 'PAGINA', 0.9997838139533997, 12]
[1170, 99, 1208, 119, '8/9', 0.9885743856430054, 15]
[1092, 139, 1194, 158, '1590782340', 0.9605440497398376, 14]
[1110, 173, 1191, 192, '05938331', 0.9997856020927429, 14]
[666, 136, 767, 159, 'No.deCuenta', 0.9998704195022583, 17]
[668, 170, 720, 193, 'No.de', 0.9322832226753235, 17]
[714, 170, 765, 193, 'Cliente', 0.9938551783561707, 17]
[29, 248, 129, 271, 'Glosario', 0.9992631077766418, 17]
[132, 248, 163, 269, 'de', 0.9999963045120239, 15]
[167, 248, 317, 271, 'Abreviaturas', 0.9732478260993958, 17]
[24, 277, 88, 295, 'ADMON', 0.977884829044342, 13]
[108, 280, 239, 297, 'ADMINISTRACION', 0.7714561820030212, 12]
[23, 299, 60, 317, 'ANT', 0.999931812286377, 13]
[106, 300, 184, 317, 'ANTERIOR', 0.9979436993598938, 12]
[23, 319, 74, 337, 'ANTIC', 0.9994584918022156, 13]
[106, 320, 201, 337, 'ANTICIPADA', 0.9411600232124329, 12]
[21, 336, 72, 359, 'ANUL', 0.9998502731323242, 17]
[109, 343, 197, 356, 'ANULACION', 0.9834769368171692, 9]
[23, 359, 78, 377, 'APORT', 0.9998063445091248, 13]
[108, 360, 207, 377, 'APORTACION', 0.7471812963485718, 12]
[23, 379, 60, 398, 'AUT', 0.999840497970581, 14]
[106, 382, 210, 399, 'AUTOMATICO', 0.9964129328727722, 12]
[24, 401, 58, 419, 'BCA', 0.998624324798584, 13]
[108, 401, 163, 419, 'BANCA', 0.9987943172454834, 13]
[23, 418, 71, 441, 'BCOS', 0.996620774269104, 17]
[108, 421, 171, 439, 'BANCOS', 0.998908519744873, 13]
[24, 439, 74, 458, 'BMOV', 0.9972274899482727, 14]
[108, 442, 210, 459, 'BBVAMEXICO', 0.7442547082901001, 12]
[24, 461, 74, 480, 'BONIF', 0.9993823766708374, 14]
[108, 463, 216, 480, 'BONIFICACION', 0.9439820647239685, 12]
[24, 481, 66, 500, 'COD.', 0.9987627267837524, 14]
[108, 484, 171, 501, 'CODIGO', 0.999554455280304, 12]
[171, 486, 194, 500, 'DE', 0.9989768266677856, 10]
[194, 484, 264, 501, 'LEYENDA', 0.9975650310516357, 12]
[23, 501, 57, 521, 'CAJ', 0.999595582485199, 15]
[106, 504, 167, 521, 'CAJERO', 0.9853169322013855, 12]
[24, 521, 71, 540, 'CANC', 0.9991317391395569, 14]
[108, 524, 216, 541, 'CANCELACION', 0.8061742782592773, 12]
[23, 541, 61, 562, 'CGO', 0.995366096496582, 15]
[106, 544, 163, 563, 'CARGO', 0.9991564750671387, 14]
[23, 562, 55, 582, 'CW', 0.9757243990898132, 15]
[106, 565, 153, 583, 'CASH', 0.853469967842102, 13]
[151, 565, 230, 582, 'WINDOWS', 0.9751870632171631, 12]
[24, 583, 88, 602, 'CH/CHQ', 0.5383762121200562, 14]
[108, 586, 171, 603, 'CHEQUE', 0.9995724558830261, 12]
[23, 603, 46, 625, 'CI', 0.9952449202537537, 16]
[106, 605, 163, 623, 'COBRO', 0.9967988729476929, 13]
[163, 606, 248, 623, 'INMEDIATO', 0.9979884624481201, 12]
[24, 625, 81, 642, 'COMER', 0.9992908239364624, 12]
[108, 626, 188, 644, 'COMERCIO', 0.993311882019043, 13]
[24, 644, 64, 662, 'COM', 0.9994814991950989, 13]
[108, 647, 185, 664, 'COMISION', 0.996997594833374, 12]
[23, 664, 52, 685, 'CIE', 0.999279797077179, 15]
[108, 667, 238, 684, 'CONCENTRACION', 0.8098579049110413, 12]
[239, 667, 324, 684, 'INMEDIATO', 0.9707047343254089, 12]
[24, 685, 69, 704, 'CONF', 0.99983811378479, 14]
[108, 688, 210, 705, 'EMPRESARIAL', 0.979422390460968, 12]
[23, 704, 72, 727, 'CONS', 0.9994375109672546, 17]
[108, 708, 225, 725, 'CONFIRMACION', 0.909153938293457, 12]
[24, 725, 72, 744, 'CONV', 0.9985504746437073, 14]
[108, 729, 190, 746, 'CONSULTA', 0.9963628649711609, 12]
[24, 747, 88, 764, 'CORREC', 0.9997009038925171, 12]
[108, 749, 188, 766, 'CONVENIO', 0.9969346523284912, 12]
[24, 767, 68, 786, 'CRED', 0.9994329810142517, 14]
[108, 769, 205, 786, 'CORRECCION', 0.9020254015922546, 12]
[24, 787, 58, 806, 'CTA', 0.9995799660682678, 14]
[108, 790, 174, 807, 'CREDITO', 0.9993352293968201, 12]
[23, 807, 58, 828, 'CED', 0.999678373336792, 15]
[108, 809, 171, 828, 'CUENTA', 0.9989890456199646, 14]
[108, 829, 171, 848, 'CUENTA', 0.9981118440628052, 14]
[171, 831, 193, 846, 'EN', 0.9944973587989807, 11]
[193, 829, 264, 846, 'DOLARES', 0.9996688365936279, 12]
[24, 848, 61, 866, 'DCD', 0.999656081199646, 13]
[108, 851, 187, 868, 'DINAMICA!', 0.4602050185203552, 12]
[185, 849, 211, 869, 'DE', 0.9997989535331726, 15]
[210, 851, 307, 868, 'CONVERSION', 0.9318424463272095, 12]
[106, 869, 132, 889, 'DE', 0.992160975933075, 15]
[131, 871, 190, 888, 'DIVISAS', 0.9047690629959106, 12]
[375, 277, 409, 297, 'DEP', 0.9999605417251587, 15]
[375, 299, 423, 317, 'DESC/', 0.9812811017036438, 13]
[422, 300, 485, 317, 'DESCTO', 0.9889560341835022, 12]
[518, 302, 609, 319, 'DESCUENTO', 0.9950796365737915, 12]
[375, 319, 416, 339, 'DEV/', 0.9960746765136719, 15]
[416, 319, 467, 337, 'DEVOL', 0.9953944683074951, 13]
[375, 339, 405, 359, 'DIF', 0.9995817542076111, 15]
[375, 360, 406, 379, 'DIN', 0.9992328882217407, 14]
[375, 379, 412, 399, 'DISP', 0.9994694590568542, 15]
[375, 401, 416, 419, 'DLLS', 0.999345600605011, 13]
[375, 421, 414, 439, 'DOC', 0.999652624130249, 13]
[375, 441, 425, 459, 'ELECT', 0.9963142275810242, 13]
[375, 463, 411, 481, 'EMP', 0.7255641222000122, 13]
[375, 483, 428, 500, 'EXTEM', 0.9996815919876099, 12]
[375, 503, 408, 523, 'EXT', 0.999921441078186, 15]
[375, 523, 433, 541, 'FALLEC', 0.999441921710968, 13]
[375, 543, 417, 562, 'FALT', 0.9998821020126343, 14]
[374, 565, 411, 583, 'GAT', 0.9999788999557495, 13]
[375, 585, 450, 602, 'GAR/GTIA', 0.9973032474517822, 12]
[374, 605, 412, 623, 'GPO', 0.9991260170936584, 13]
[375, 626, 434, 644, 'HONOR', 0.5691157579421997, 13]
[375, 645, 405, 664, 'IVA', 0.9992966651916504, 14]
[375, 665, 403, 685, 'ISR', 0.9997029900550842, 15]
[377, 687, 439, 704, 'INDEMN', 0.9454365372657776, 12]
[375, 707, 405, 725, 'INF', 0.9999291896820068, 13]
[375, 727, 412, 746, 'INSP', 0.9988620281219482, 14]
[375, 747, 406, 766, 'INT', 0.9998774528503418, 14]
[375, 767, 412, 787, 'INTS', 0.9985419511795044, 15]
[375, 787, 409, 807, 'INT/', 0.9590347409248352, 15]
[408, 787, 467, 806, 'INTNAL', 0.9999016523361206, 14]
[375, 809, 406, 829, 'INV', 0.9986580610275269, 15]
[375, 829, 405, 849, 'LIQ', 0.6746754050254822, 15]
[375, 849, 403, 868, 'MP', 0.9998742341995239, 14]
[375, 869, 417, 889, 'MDO', 0.99869304895401, 15]
[518, 282, 595, 299, 'DEPOSITO', 0.9931238293647766, 12]
[518, 323, 617, 340, 'DEVOLUCION', 0.964730441570282, 12]
[518, 343, 606, 360, 'DIFERENCIA', 0.9994102716445923, 12]
[518, 364, 576, 381, 'DINERO', 0.9986817240715027, 12]
[518, 384, 615, 401, 'DISPOSICION', 0.9853900671005249, 12]
[518, 404, 589, 421, 'DOLARES', 0.9997256398200989, 12]
[518, 425, 618, 442, 'DOCUMENTO', 0.9872651100158691, 12]
[518, 446, 620, 463, 'ELECTRONICA', 0.9689937829971313, 12]
[518, 466, 620, 483, 'EMPRESARIAL', 0.9958699345588684, 12]
[518, 486, 640, 503, 'EXTEMPORANEA', 0.9984240531921387, 12]
[518, 506, 614, 523, 'EXTRANJERO', 0.5644816160202026, 12]
[519, 529, 634, 541, 'FALLECIMIENTO', 0.8610826134681702, 9]
[518, 546, 595, 565, 'FALTANTE', 0.9925698637962341, 14]
[518, 568, 600, 585, 'GANANCIA.', 0.9354369044303894, 12]
[598, 568, 654, 585, 'ANUAL', 0.9411115050315857, 12]
[652, 568, 705, 585, 'TOTAL', 0.9963235855102539, 12]
[518, 588, 595, 605, 'GARANTIA', 0.9988695979118347, 12]
[516, 608, 573, 625, 'GRUPO', 0.9987848401069641, 12]
[518, 630, 620, 647, 'HONORARIOS', 0.9988403916358948, 12]
[518, 648, 595, 667, 'IMPUESTO', 0.9891842603683472, 14]
[595, 650, 620, 667, 'AL', 0.4157774746417999, 12]
[615, 648, 671, 667, 'VALOR', 0.6568540930747986, 14]
[671, 651, 754, 664, 'AGREGADO', 0.9984785914421082, 9]
[518, 670, 595, 687, 'IMPUESTO', 0.9620890021324158, 12]
[593, 670, 648, 687, 'SOBREI', 0.789487361907959, 12]
[644, 668, 669, 688, 'LA', 0.5996109843254089, 15]
[668, 670, 719, 687, 'RENTA', 0.9995471835136414, 12]
[518, 690, 640, 707, 'INDEMNIZACION', 0.9658551216125488, 12]
[518, 710, 624, 727, 'INFORMACION', 0.9960505366325378, 12]
[518, 730, 609, 749, 'INSPECCION', 0.6419901251792908, 14]
[518, 750, 595, 767, 'INTERESES', 0.9978711605072021, 12]
[518, 772, 595, 789, 'INTERESES', 0.989484965801239, 12]
[518, 792, 638, 809, 'INTERNACIONAL', 0.9957765936851501, 12]
[518, 812, 598, 829, 'INVERSION', 0.8917276859283447, 12]
[518, 832, 618, 849, 'LIQUIDACION', 0.9752259850502014, 12]
[518, 852, 575, 871, 'MARCA', 0.9965580105781555, 14]
[575, 852, 632, 869, 'PROPIA', 0.9989404082298279, 12]
[518, 874, 595, 891, 'MERCADO', 0.9534524083137512, 12]
[805, 280, 836, 300, 'MN', 0.9962244033813477, 15]
[900, 280, 971, 297, 'MONEDA', 0.9754098653793335, 12]
[971, 280, 1051, 297, 'NACIONAL', 0.9990001320838928, 12]
[805, 300, 846, 320, 'MOV', 0.9948561191558838, 15]
[903, 303, 999, 316, 'MOVIMIENTO', 0.8162047266960144, 9]
[807, 323, 887, 340, 'MOVMTOS', 0.9990082383155823, 12]
[901, 320, 1008, 337, 'MOVIMIENTOS', 0.9804698824882507, 12]
[805, 342, 846, 360, 'MDB', 0.999953031539917, 13]
[901, 340, 1022, 357, 'MULTIDEPOSITO', 0.5905961394309998, 12]
[805, 364, 839, 382, 'N/A', 0.9996808767318726, 13]
[900, 360, 931, 379, 'NO/', 0.46200957894325256, 14]
[924, 362, 983, 379, 'APLICA', 0.8258070349693298, 12]
[805, 384, 850, 402, 'OPER', 0.9997988343238831, 13]
[900, 382, 989, 399, 'OPERACION', 0.793936014175415, 12]
[805, 402, 841, 422, 'OPS', 0.9996663331985474, 15]
[901, 402, 1006, 421, 'OPERACIONES', 0.9927836656570435, 14]
[805, 424, 844, 442, 'ORD', 0.9996923208236694, 13]
[900, 422, 957, 441, 'ORDEN', 0.9939942955970764, 14]
[807, 444, 859, 463, 'P/PAG', 0.7636370062828064, 14]
[900, 442, 946, 461, 'PAGO', 0.9995855689048767, 14]
[805, 466, 841, 484, 'PAT', 0.999944806098938, 13]
[901, 464, 1003, 481, 'PATRIMONIAL', 0.9346356391906738, 12]
[807, 486, 866, 503, 'REDESC', 0.9792512655258179, 12]
[901, 484, 1010, 501, 'REDESCUENTO', 0.9972018003463745, 12]
[805, 506, 839, 524, 'RFC', 0.9989057779312134, 13]
[903, 507, 1040, 520, 'REGISTROFEDERAL', 0.8753411769866943, 9]
[1042, 506, 1067, 523, 'DE', 0.9990637898445129, 12]
[901, 524, 1033, 541, 'CONTRIBUYENTES', 0.9866384267807007, 12]
[807, 546, 841, 566, 'REF.', 0.999705970287323, 15]
[901, 544, 991, 562, 'REFERENCIA', 0.9983168840408325, 13]
[805, 568, 846, 586, 'RESP', 0.9998488426208496, 13]
[901, 566, 1039, 583, 'RESPONSABILIDAD', 0.7764555215835571, 12]
[807, 588, 838, 606, 'RET', 0.9998949766159058, 13]
[900, 585, 955, 603, 'RETIRO', 0.9996127486228943, 13]
[805, 606, 839, 626, 'REV', 0.9985072016716003, 15]
[901, 606, 968, 623, 'REVERSO', 0.999089241027832, 12]
[805, 628, 839, 648, 'SBC', 0.9975556135177612, 15]
[900, 626, 954, 645, 'SALVOI', 0.663845419883728, 14]
[951, 626, 996, 645, 'BUEN', 0.9949294328689575, 14]
[994, 626, 1051, 645, 'COBRO', 0.9995841383934021, 14]
[805, 648, 839, 668, 'SEG', 0.9982219338417053, 15]
[900, 647, 965, 664, 'SEGURO', 0.9929640293121338, 12]
[805, 668, 847, 688, 'SERV', 0.9986231327056885, 15]
[900, 668, 969, 685, 'SERVICIO', 0.8005656599998474, 12]
[805, 690, 850, 708, 'SOBR', 0.9996598958969116, 13]
[901, 688, 986, 705, 'SOBREGIRO', 0.9984616041183472, 12]
[805, 710, 842, 729, 'SOC', 0.8055437803268433, 14]
[901, 708, 996, 725, 'SOCIEDADES', 0.9245255589485168, 12]
[805, 730, 844, 749, 'TARJ', 0.9998661279678345, 14]
[900, 729, 966, 746, 'TARJETA', 0.999763548374176, 12]
[805, 750, 841, 769, 'TDC', 0.9996246099472046, 14]
[900, 749, 966, 766, 'TARJETA', 0.999763548374176, 12]
[965, 747, 991, 767, 'DE', 0.9996036887168884, 15]
[988, 749, 1054, 766, 'CREDITO', 0.7735235691070557, 12]
[805, 770, 839, 790, 'TDE', 0.9998743534088135, 15]
[900, 770, 968, 787, 'TARJETAI', 0.8665478825569153, 12]
[963, 769, 991, 787, 'DEI', 0.6152940988540649, 13]
[988, 769, 1047, 787, 'DEBITO', 0.8955580592155457, 13]
[1045, 770, 1149, 787, 'EMPRESARIAL', 0.9920125603675842, 12]
[805, 790, 839, 811, 'TPV', 0.9996650218963623, 15]
[900, 790, 979, 807, 'TERMINAL', 0.7685714364051819, 12]
[977, 789, 1033, 807, 'PUNTO', 0.9999064207077026, 13]
[1033, 790, 1058, 807, "DE'", 0.6948689222335815, 12]
[1054, 789, 1109, 807, 'VENTA', 0.9997099041938782, 13]
[805, 811, 833, 831, 'TIB', 0.9995835423469543, 15]
[900, 811, 982, 828, 'TESORERIA', 0.9988671541213989, 12]
[982, 811, 1056, 828, 'INTEGRAL', 0.9986997842788696, 12]
[1056, 811, 1135, 828, 'BANCARIA', 0.9927343130111694, 12]
[805, 832, 858, 851, 'TRANS', 0.9996358156204224, 14]
[900, 831, 1020, 848, 'TRANSFERENCIA', 0.9993988275527954, 12]
[805, 852, 856, 871, 'TRASP', 0.9993751645088196, 14]
[900, 851, 980, 868, 'TRASPASO', 0.9986069798469543, 12]
[805, 872, 847, 891, 'VTAS', 0.9993520379066467, 14]
[900, 871, 962, 889, 'VENTAS', 0.9931033849716187, 13]
[29, 1531, 75, 1550, 'BBVA', 0.999757707118988, 14]
[75, 1530, 149, 1553, 'MEXICO,', 0.9604169130325317, 17]
[148, 1530, 190, 1555, 'S.A.,', 0.7211890816688538, 18]
[193, 1531, 296, 1550, 'INSTITUCION', 0.6714252233505249, 14]
[298, 1530, 327, 1552, 'DE', 0.9998829364776611, 16]
[327, 1531, 386, 1550, 'BANCA', 0.9511099457740784, 14]
[389, 1531, 474, 1550, 'MULTIPLE,', 0.9997959733009338, 14]
[477, 1531, 541, 1550, 'GRUPO', 0.9991162419319153, 14]
[544, 1531, 646, 1550, 'FINANCIERO', 0.9991922974586487, 14]
[648, 1531, 696, 1550, 'BBVA', 0.9886680245399475, 14]
[697, 1531, 764, 1550, 'MEXICO', 0.5794947743415833, 14]
[27, 1550, 55, 1569, 'Av.', 0.9824628829956055, 14]
[50, 1550, 97, 1569, 'Paseo', 0.9988425374031067, 14]
[94, 1550, 117, 1570, 'de', 0.9741142392158508, 15]
[114, 1552, 132, 1569, 'lal', 0.799575924873352, 12]
[129, 1550, 191, 1569, 'Reforma', 0.8663271069526672, 14]
[190, 1552, 224, 1570, '510,', 0.9988917708396912, 13]
[221, 1550, 253, 1569, 'Col..', 0.8885622620582581, 14]
[250, 1550, 300, 1569, 'Juârez,', 0.7226706743240356, 14]
[300, 1550, 357, 1569, 'Alcaldia', 0.9975739121437073, 14]
[355, 1550, 450, 1569, 'Cuauhtémoc;', 0.9461202025413513, 14]
[448, 1550, 477, 1569, 'C.P.', 0.975644588470459, 14]
[474, 1552, 524, 1570, '06600,', 0.9974180459976196, 13]
[522, 1550, 575, 1569, 'Ciudad', 0.8948500752449036, 14]
[575, 1552, 597, 1567, 'del', 0.961384654045105, 11]
[595, 1552, 651, 1570, 'México,', 0.9296761155128479, 13]
[649, 1552, 705, 1570, 'México,', 0.9989694356918335, 13]
[703, 1550, 745, 1570, 'R.F.C.', 0.9899779558181763, 15]
[743, 1552, 846, 1569, 'BBA830831UJ2', 0.39290472865104675, 12]
