[448, 119, 559, 148, 'PREVENCION', 0.9718858003616333, 21]
[553, 124, 574, 148, 'Y', 0.8856419324874878, 18]
[448, 145, 581, 173, 'READAPTACION', 0.9412999153137207, 21]
[448, 173, 513, 196, 'SOCIAL.', 0.7894706726074219, 17]
[129, 122, 344, 172, 'SEGURIDAD', 0.9993422627449036, 37]
[130, 170, 192, 193, 'SECIANIN', 0.3104821443557739, 17]
[137, 179, 202, 203, 'PHDTEECION', 0.5389176607131958, 18]
[186, 172, 203, 187, 'DE', 0.98406982421875, 11]
[197, 179, 256, 198, 'CIUDADAA', 0.42762088775634766, 14]
[200, 169, 259, 187, 'SICURIDAD', 0.41643038392066956, 13]
[414, 235, 545, 263, 'SECRETARIA', 0.9940138459205627, 21]
[545, 240, 582, 266, 'DE', 0.9849648475646973, 19]
[579, 241, 703, 271, 'SEGURIDAD', 0.9987179040908813, 22]
[700, 246, 724, 271, 'Y', 0.9930081367492676, 18]
[720, 244, 857, 278, 'PROTECCION', 0.9368308186531067, 25]
[854, 252, 978, 286, 'CIUDADANA', 0.9984472393989563, 25]
[584, 277, 723, 311, 'PREVENCION', 0.707526445388794, 25]
[721, 286, 743, 311, 'Y', 0.9620530605316162, 18]
[737, 282, 901, 320, 'READAPTACION', 0.9337744116783142, 28]
[899, 294, 977, 323, 'SOCIAL', 0.9968857169151306, 21]
[755, 343, 823, 368, 'FOLIO', 0.999618411064148, 18]
[822, 348, 839, 373, ':', 0.9999836683273315, 18]
[831, 342, 978, 381, 'U-2022-03249', 0.998896598815918, 29]
[389, 393, 652, 438, 'CONSTANCIA', 0.97850102186203, 33]
[67, 512, 101, 538, 'De', 0.9999982118606567, 19]
[100, 512, 211, 535, 'conformidad', 0.970788300037384, 17]
[212, 517, 248, 531, 'con', 0.9994801878929138, 10]
[248, 510, 271, 532, 'lo', 0.9997791647911072, 16]
[273, 512, 376, 531, 'establecido', 0.9978942275047302, 14]
[378, 515, 407, 534, 'en', 0.9998730421066284, 14]
[407, 512, 429, 534, 'el', 0.9745784401893616, 16]
[429, 512, 502, 535, 'Articulo', 0.9802010655403137, 17]
[502, 515, 530, 537, '27', 0.9999935626983643, 16]
[530, 514, 629, 541, 'fracciones', 0.5991598963737488, 20]
[629, 520, 656, 541, 'IV:', 0.5634003281593323, 15]
[649, 521, 670, 543, 'y', 0.9995434880256653, 16]
[667, 520, 689, 543, 'V', 0.9992825388908386, 17]
[687, 521, 715, 543, 'de', 0.9999909400939941, 16]
[715, 521, 737, 543, 'la', 0.9998856782913208, 16]
[737, 521, 775, 548, 'Ley', 0.821183443069458, 20]
[775, 524, 856, 548, 'Nacional', 0.7954407930374146, 18]
[857, 526, 885, 549, 'de', 0.9968459010124207, 17]
[69, 541, 132, 571, 'Penal,', 0.9991950392723083, 22]
[130, 544, 151, 569, 'y', 0.9996135830879211, 18]
[151, 543, 177, 565, '10', 0.9996057152748108, 16]
[178, 540, 256, 563, 'fraccion', 0.708461344242096, 17]
[259, 541, 294, 562, 'VIII', 0.919871985912323, 15]
[297, 541, 328, 563, 'del', 0.9709802269935608, 16]
[333, 541, 448, 569, 'Reglamento', 0.801235020160675, 21]
[452, 544, 483, 566, 'del', 0.9997296929359436, 16]
[486, 543, 557, 572, 'Organo', 0.9992345571517944, 21]
[560, 546, 695, 574, 'Administrativo', 0.7194609045982361, 21]
[698, 551, 851, 579, 'Desconcentrado', 0.5859451293945312, 21]
[884, 526, 975, 560, 'Ejecuciôn', 0.7322974801063538, 25]
[72, 572, 197, 600, 'Readaptaciôn', 0.7201499938964844, 21]
[202, 571, 267, 596, 'Social,', 0.9996349811553955, 18]
[270, 574, 310, 592, 'una', 0.9946841597557068, 13]
[311, 575, 350, 594, 'vez', 0.9997898936271667, 14]
[352, 572, 440, 596, 'realizada', 0.9995949864387512, 18]
[443, 574, 466, 597, 'la', 0.9993650317192078, 17]
[468, 574, 562, 602, 'busqueda', 0.9953298568725586, 21]
[565, 579, 667, 602, 'exhaustiva', 0.99781334400177, 17]
[670, 585, 698, 603, 'en', 0.9996851682662964, 13]
[700, 580, 723, 603, 'la', 0.9998089671134949, 17]
[724, 582, 775, 605, 'Base', 0.9999911785125732, 17]
[777, 585, 806, 606, 'de', 0.9999234676361084, 15]
[808, 585, 865, 608, 'Datos', 0.9301291704177856, 17]
[868, 588, 901, 608, 'del', 0.9994895458221436, 15]
[72, 603, 152, 626, 'Nacional', 0.9984318614006042, 17]
[154, 602, 181, 625, 'de', 0.9999916553497314, 17]
[183, 602, 308, 623, 'Sentenciados', 0.9661715030670166, 15]
[310, 605, 325, 626, 'y', 0.9997938275337219, 15]
[330, 605, 431, 623, 'Estadistica', 0.991028368473053, 13]
[435, 603, 562, 631, 'Penitenciaria,', 0.9954972267150879, 21]
[567, 613, 591, 630, 'se', 0.9992812275886536, 12]
[593, 608, 669, 633, 'advierte', 0.9935019612312317, 18]
[672, 616, 709, 636, 'que', 0.8913727402687073, 15]
[711, 613, 734, 634, 'al', 0.994857668876648, 15]
[735, 614, 766, 634, 'dia', 0.9957399368286133, 15]
[769, 614, 796, 636, 'de', 0.9859991669654846, 16]
[797, 616, 819, 637, 'la', 0.9998243451118469, 15]
[820, 617, 878, 640, 'fecha,', 0.9996950626373291, 17]
[882, 619, 916, 642, 'NO', 0.9995512366294861, 17]
[73, 634, 141, 659, 'registro', 0.9890117645263672, 18]
[143, 633, 171, 654, 'de', 0.9999895095825195, 15]
[174, 633, 262, 651, 'sentencia', 0.6924145221710205, 13]
[267, 631, 389, 654, 'condenatoria', 0.9954150915145874, 17]
[392, 636, 494, 654, 'irrevocable', 0.9683195948600769, 13]
[497, 636, 525, 657, 'de', 0.9999942779541016, 15]
[526, 637, 605, 661, 'carâcter', 0.7045460343360901, 18]
[607, 637, 663, 667, 'penal', 0.9995829463005066, 22]
[663, 639, 697, 665, 'del', 0.9998487234115601, 19]
[698, 642, 755, 665, 'Fuero', 0.9999425411224365, 17]
[757, 644, 830, 667, 'Federal', 0.9988896250724792, 17]
[851, 555, 958, 585, 'Prevenciôn', 0.8254331350326538, 22]
[955, 563, 977, 588, 'y', 0.7718057632446289, 18]
[902, 588, 973, 613, 'Archivo', 0.9998005032539368, 18]
[918, 619, 975, 644, 'existe', 0.9985566735267639, 18]
[831, 647, 946, 674, 'pronunciada', 0.9986942410469055, 20]
[947, 654, 975, 673, 'en', 0.9999243021011353, 14]
[75, 665, 129, 684, 'contra', 0.9950143694877625, 14]
[129, 662, 157, 685, 'de', 0.9998600482940674, 17]
[168, 664, 231, 682, 'JESUS', 0.9995033740997314, 13]
[236, 664, 318, 682, 'ARAUJO', 0.8770269155502319, 13]
[318, 662, 415, 685, 'VIZNADO.', 0.9075076580047607, 17]
[75, 727, 101, 749, 'La', 0.9999138116836548, 16]
[103, 727, 180, 752, 'presente', 0.9976322650909424, 18]
[181, 730, 206, 747, 'se', 0.9998331069946289, 12]
[208, 727, 274, 750, 'expide,', 0.9994813799858093, 17]
[274, 725, 325, 749, 'firma', 0.9296294450759888, 18]
[322, 729, 342, 752, 'y', 0.9978281855583191, 17]
[342, 729, 384, 747, 'sella', 0.9999450445175171, 13]
[389, 730, 497, 753, 'digitalmente', 0.6393293142318726, 17]
[499, 733, 514, 752, 'a', 0.9999333620071411, 14]
[517, 733, 588, 752, 'solicitud', 0.9852001667022705, 14]
[591, 733, 618, 755, 'de', 0.9926809668540955, 16]
[618, 733, 639, 756, 'la', 0.9997259974479675, 17]
[639, 736, 689, 760, 'parte', 0.9997993111610413, 18]
[689, 735, 791, 764, 'interesada,', 0.9991515874862671, 21]
[788, 741, 808, 764, 'a', 0.999581515789032, 17]
[806, 739, 837, 761, 'los', 0.9997660517692566, 16]
[837, 741, 932, 764, 'veinticinco', 0.9540912508964539, 17]
[933, 744, 973, 764, 'dias', 0.9905670285224915, 15]
[75, 756, 106, 778, 'del', 0.999850869178772, 16]
[106, 760, 147, 778, 'mes', 0.999021053314209, 13]
[146, 756, 172, 777, 'de', 0.9000640511512756, 15]
[172, 755, 242, 778, 'octubre', 0.9998666048049927, 17]
[242, 756, 270, 778, 'de', 0.9755056500434875, 16]
[270, 756, 305, 777, 'dos', 0.9494689106941223, 15]
[305, 756, 339, 780, 'mil', 0.5772657990455627, 18]
[336, 755, 424, 783, 'veintidos,', 0.999187171459198, 21]
[426, 764, 468, 783, 'para', 0.9976244568824768, 14]
[469, 760, 499, 781, 'los', 0.9891735315322876, 15]
[500, 761, 545, 783, 'fines', 0.9998124241828918, 16]
[543, 760, 612, 789, 'legales', 0.9227275252342224, 21]
[610, 767, 627, 786, 'a', 0.9998854398727417, 14]
[627, 769, 666, 789, 'que', 0.8340003490447998, 15]
[666, 766, 712, 790, 'haya', 0.9998137354850769, 18]
[714, 766, 766, 794, 'lugar.', 0.9992855191230774, 21]
[81, 840, 265, 863, 'ATENTAMENTE', 0.6799686551094055, 17]
[81, 879, 248, 913, 'PREVENCION', 0.8181438446044922, 25]
[243, 880, 274, 914, 'Y', 0.9796575903892517, 25]
[271, 879, 472, 913, 'READAPTACION', 0.7732690572738647, 25]
[474, 886, 570, 914, 'SOCIAL', 0.9997636675834656, 21]
[146, 920, 158, 933, '-', 0.14764244854450226, 9]
[152, 906, 180, 927, 'GU', 0.9105268120765686, 15]
[471, 951, 615, 992, 'SEGURIDAD', 0.9932954907417297, 30]
[496, 979, 590, 1013, 'VAINEIN:', 0.10669058561325073, 25]
[81, 1050, 338, 1089, 'LCMAGREAMAARA', 0.3024325966835022, 29]
[333, 1058, 427, 1086, 'SUAREZ', 0.9981062412261963, 21]
[79, 1121, 239, 1154, 'READAPTACION', 0.7542292475700378, 24]
[239, 1129, 315, 1152, 'SOCIAL', 0.9991201758384705, 17]
[81, 1091, 263, 1129, 'SUBDIRECIORA', 0.4345387816429138, 28]
[263, 1098, 301, 1125, 'DE', 0.9999213218688965, 20]
[308, 1098, 373, 1123, 'AREA', 0.9976577758789062, 18]
[383, 1103, 415, 1123, 'EN', 0.9976119995117188, 15]
[424, 1103, 455, 1125, 'LA', 0.9999634027481079, 16]
[465, 1103, 636, 1126, 'COORDINACION', 0.9827510714530945, 17]
[647, 1108, 755, 1131, 'GENERAL', 0.9998223185539246, 17]
[763, 1111, 796, 1131, 'DE', 0.9995946288108826, 15]
[805, 1109, 944, 1132, 'PREVENCION', 0.9822973012924194, 17]
[952, 1112, 973, 1135, 'Y', 0.9999665021896362, 17]
[81, 1186, 185, 1214, 'Verifique', 0.9891230463981628, 21]
[195, 1188, 220, 1211, 'la', 0.9998021721839905, 17]
[231, 1190, 370, 1213, 'autenticidad', 0.9579167366027832, 17]
[384, 1191, 488, 1214, 'mediante', 0.9845787286758423, 17]
[500, 1193, 584, 1216, 'numero', 0.9878845810890198, 17]
[594, 1194, 625, 1216, 'de', 0.9999955892562866, 16]
[636, 1194, 695, 1219, 'folio,', 0.9968087077140808, 18]
[706, 1199, 735, 1217, 'en', 0.9998255372047424, 13]
[745, 1196, 769, 1219, 'la', 0.9996115565299988, 17]
[780, 1199, 879, 1222, 'siguiente', 0.9851033091545105, 17]
[890, 1197, 972, 1227, 'pagina:', 0.5691406726837158, 22]
[82, 1217, 431, 1250, 'Papgabmantsasae', 0.20669087767601013, 24]
[87, 1301, 110, 1323, 'Av.', 0.7992805242538452, 16]
[107, 1301, 164, 1324, 'Melchor', 0.995478093624115, 17]
[160, 1304, 219, 1327, 'Ocampo', 0.8406408429145813, 17]
[216, 1304, 242, 1324, 'No.', 0.9959000945091248, 15]
[239, 1302, 291, 1327, '171,Col.', 0.5694993138313293, 18]
[290, 1306, 378, 1329, 'Tlaxpana,CP.', 0.7938690781593323, 17]
[375, 1307, 414, 1327, '11370,', 0.9519737362861633, 15]
[412, 1307, 465, 1326, 'Alcaldia', 0.9552673697471619, 14]
[466, 1310, 511, 1329, 'Miguel', 0.8293349146842957, 14]
[508, 1307, 565, 1330, 'Hidalgo,', 0.935725212097168, 17]
[562, 1309, 607, 1327, 'CDMX.', 0.9416391849517822, 13]
[87, 1319, 113, 1341, 'Tel:', 0.7666512131690979, 16]
[113, 1323, 140, 1343, '(55)', 0.7135210037231445, 15]
[137, 1324, 166, 1343, '5128', 0.7153099775314331, 14]
[166, 1324, 197, 1343, '4100', 0.9985962510108948, 14]
[211, 1324, 463, 1352, 'phndcwiyudn', 0.11523189395666122, 21]
[280, 1364, 315, 1383, 'dG', 0.5629342198371887, 14]
[339, 1360, 367, 1378, '53', 0.25060397386550903, 13]
[339, 1377, 358, 1389, 'a', 0.7074295282363892, 9]
[369, 1366, 392, 1380, 'C', 0.4754047393798828, 10]
[748, 1377, 763, 1392, '(', 0.6082072854042053, 11]
[755, 1366, 772, 1381, '&', 0.3944266736507416, 11]
[741, 1391, 758, 1405, '(', 0.30524376034736633, 10]
[874, 1388, 909, 1408, 'Aiod', 0.867501974105835, 15]
[904, 1378, 972, 1414, 'Magr', 0.6308832764625549, 27]
[936, 1403, 949, 1412, '&', 0.24850186705589294, 6]
[833, 1332, 984, 1415, '202787', 0.2818872034549713, 62]
[952, 1414, 967, 1425, 'CIRE', 0.14755046367645264, 8]
