[429, 184, 562, 223, 'SECRETARIA', 0.929977297782898, 29]
[560, 195, 594, 221, 'DE', 0.9999697208404541, 19]
[591, 196, 737, 224, 'GOBERNACIC.', 0.6289437413215637, 21]
[472, 218, 564, 241, 'IINTDAD)', 0.5122693777084351, 17]
[562, 221, 594, 241, 'DE', 0.8220740556716919, 15]
[594, 218, 709, 246, 'GOBIERNO', 0.9942771792411804, 21]
[65, 212, 180, 240, 'COBERNACION', 0.9800563454627991, 21]
[915, 203, 1014, 237, '20513', 0.9979530572891235, 25]
[219, 241, 322, 260, 'ALEJANDRO', 0.92303067445755, 14]
[325, 240, 386, 263, 'LOPEZ', 0.796678900718689, 17]
[387, 244, 483, 263, 'GONZALEZ,', 0.9974428415298462, 14]
[488, 248, 574, 265, 'DIRECTOR', 0.985966145992279, 12]
[579, 248, 659, 265, 'GENERAL', 0.9998243451118469, 12]
[663, 248, 741, 265, 'ADJUNTO', 0.9997914433479309, 12]
[745, 246, 783, 265, 'DEL', 0.999702513217926, 14]
[785, 246, 845, 265, 'DIARIO', 0.9997860789299011, 14]
[848, 246, 916, 263, 'OFICIAL', 0.9460757970809937, 12]
[918, 243, 947, 263, 'DE', 0.9981448650360107, 15]
[949, 243, 977, 263, 'LA', 0.7992187738418579, 15]
[217, 258, 333, 282, 'FEDERACION,', 0.7706582546234131, 18]
[333, 261, 362, 280, 'EN', 0.9888654351234436, 14]
[362, 263, 429, 282, 'AUXILIO', 0.9978796243667603, 14]
[431, 263, 468, 283, 'DEL', 0.9880405068397522, 15]
[468, 265, 539, 283, 'TITULAR', 0.9801849722862244, 13]
[539, 265, 567, 285, 'DE', 0.9998000264167786, 15]
[567, 265, 593, 285, 'LA', 0.9992994070053101, 15]
[593, 266, 658, 283, 'UNIDAD', 0.9756333827972412, 12]
[659, 265, 687, 285, 'DE', 0.9996821880340576, 15]
[687, 266, 782, 283, 'GOBIERNO,', 0.9988007545471191, 12]
[785, 265, 825, 283, 'CON', 0.9970580339431763, 13]
[827, 263, 947, 283, 'FUNDAMENTO', 0.9646603465080261, 15]
[947, 261, 977, 280, 'EN', 0.9887127876281738, 14]
[219, 277, 256, 297, 'LOS', 0.9995843768119812, 15]
[254, 277, 353, 300, 'ARTICULOS', 0.9893130660057068, 17]
[350, 278, 372, 300, '9,', 0.9997496008872986, 16]
[370, 280, 393, 300, '11', 0.9999951124191284, 15]
[393, 282, 488, 300, 'FRACCIONI', 0.8551613092422485, 13]
[480, 283, 526, 302, 'IYI,', 0.6586056351661682, 14]
[523, 283, 540, 300, 'Y', 0.9977412223815918, 12]
[539, 283, 564, 303, '12', 0.9997479319572449, 15]
[562, 283, 627, 302, 'ULTIMO', 0.9975143671035767, 14]
[627, 283, 709, 302, 'PARRAFO', 0.9994669556617737, 14]
[709, 283, 746, 302, 'DEL', 0.9965871572494507, 14]
[746, 283, 864, 300, 'REGLAMENTO', 0.9716120362281799, 12]
[865, 280, 947, 299, 'INTERIOR', 0.9994489550590515, 14]
[946, 280, 977, 299, 'DE', 0.9990025162696838, 14]
[217, 294, 245, 314, 'LA', 0.9987800717353821, 15]
[253, 297, 361, 316, 'SECRETARIA', 0.983163058757782, 14]
[370, 299, 400, 319, 'DE', 0.9998065829277039, 15]
[407, 299, 534, 320, 'GOBERNACION', 0.5121632218360901, 15]
[545, 302, 639, 320, 'CERTIFICA:', 0.9940392971038818, 13]
[649, 302, 690, 320, 'QUE', 0.7763531804084778, 13]
[698, 302, 728, 320, 'LA', 0.9996715784072876, 13]
[723, 303, 745, 319, 'C.', 0.9620556831359863, 12]
[755, 302, 788, 320, 'LIC.', 0.9395098090171814, 13]
[800, 300, 888, 319, 'MARICELA', 0.9862818121910095, 14]
[899, 299, 975, 317, 'MAGANA', 0.9917094111442566, 13]
[217, 312, 294, 336, 'SUAREZ,', 0.9958536624908447, 18]
[293, 316, 332, 336, 'ERA', 0.9977298378944397, 15]
[342, 317, 477, 339, 'SUBDIRECTORA', 0.9388601183891296, 16]
[482, 319, 509, 339, 'DE', 0.9998371601104736, 15]
[516, 319, 565, 337, 'AREA', 0.9988956451416016, 13]
[570, 320, 658, 337, 'ADSCRITA', 0.9934548735618591, 12]
[663, 320, 680, 339, 'A', 0.9997344613075256, 14]
[684, 320, 712, 339, 'LA', 0.9991439580917358, 14]
[717, 317, 851, 339, 'COORDINACION', 0.9665132164955139, 16]
[859, 317, 939, 336, 'GENERAL', 0.9996080994606018, 14]
[947, 316, 977, 336, 'DE', 0.9992058873176575, 15]
[217, 331, 332, 354, 'PREVENCION', 0.9229207038879395, 17]
[330, 333, 352, 354, 'Y', 0.9481870532035828, 15]
[350, 337, 480, 354, 'READAPTACION', 0.9653171300888062, 12]
[483, 339, 545, 356, 'SOCIAL', 0.9990911483764648, 12]
[547, 337, 574, 357, 'DE', 0.9999222755432129, 15]
[574, 337, 602, 357, 'LA', 0.9998347759246826, 15]
[602, 339, 709, 356, 'SECRETARIA', 0.9949039220809937, 12]
[710, 337, 740, 357, 'DE', 0.9997170567512512, 15]
[741, 339, 840, 356, 'SEGURIDAD', 0.9962924122810364, 12]
[840, 334, 862, 356, 'Y', 0.9989786148071289, 16]
[861, 333, 977, 356, 'PROTECCION', 0.9788137674331665, 17]
[217, 350, 322, 373, 'CIUDADANA,', 0.9984239339828491, 17]
[322, 353, 350, 373, 'EL', 0.46649935841560364, 15]
[345, 354, 379, 374, 'DIA', 0.9997593760490417, 15]
[387, 354, 412, 374, '25', 0.9998210072517395, 15]
[414, 354, 441, 374, 'DE', 0.9999476671218872, 15]
[448, 356, 528, 374, 'OCTUBRE', 0.9998377561569214, 13]
[533, 356, 560, 374, 'DE', 0.9995800852775574, 13]
[565, 356, 607, 374, '2022', 0.9995536208152771, 13]
[610, 365, 619, 376, '*', 0.5269315242767334, 8]
[621, 354, 644, 376, 'Y', 0.9967041611671448, 16]
[644, 356, 693, 374, 'SUYA', 0.9989674091339111, 13]
[695, 356, 723, 374, 'LA', 0.9997898936271667, 13]
[726, 357, 782, 374, 'FIRMA', 0.9982580542564392, 12]
[785, 356, 825, 374, 'QUE', 0.7843115925788879, 13]
[831, 356, 912, 373, 'APARECE', 0.9971352815628052, 12]
[918, 354, 947, 373, 'EN', 0.9838475584983826, 14]
[950, 353, 978, 373, 'EL', 0.9996055960655212, 15]
[219, 407, 293, 425, 'NOMBRE', 0.904412031173706, 13]
[294, 408, 332, 428, 'DEL', 0.9785799980163574, 15]
[330, 410, 403, 427, 'TITULAR', 0.9930480122566223, 12]
[400, 411, 414, 428, ':', 0.9999703168869019, 12]
[412, 411, 517, 428, 'SECRETARIA', 0.9815780520439148, 12]
[525, 410, 553, 430, 'DE', 0.9999208450317383, 15]
[560, 411, 658, 428, 'SEGURIDAD', 0.9976412057876587, 12]
[666, 410, 683, 428, 'Y', 0.9973499774932861, 13]
[690, 411, 800, 428, 'PROTECCION', 0.9680203795433044, 12]
[810, 411, 913, 428, 'CIUDADANA,', 0.9941998720169067, 12]
[922, 410, 977, 427, 'FOLIO', 0.9976229071617126, 12]
[217, 368, 311, 391, 'PRESENTE', 0.9998465776443481, 17]
[311, 373, 423, 391, 'DOCUMENTO.', 0.9401702284812927, 13]
[220, 425, 327, 444, 'U-2022-03249', 0.9972144961357117, 14]
[118, 442, 188, 473, 'UNIDOS', 0.9884090423583984, 23]
[217, 441, 265, 464, 'TIPO', 0.9844610095024109, 17]
[259, 444, 290, 464, 'DE', 0.9999333620071411, 15]
[290, 446, 398, 464, 'DOCUMENTO', 0.9790614247322083, 13]
[396, 449, 410, 464, ':', 0.9998971223831177, 11]
[407, 447, 502, 464, 'IMPRESION', 0.8455237746238708, 12]
[500, 447, 530, 466, 'DE', 0.9998290538787842, 14]
[528, 447, 638, 466, 'CONSTANCIA', 0.9495024085044861, 14]
[181, 446, 291, 487, 'MEICIUDAD', 0.23334793746471405, 30]
[285, 463, 313, 483, 'DE', 0.9948386549949646, 15]
[313, 464, 379, 483, 'MEXICO', 0.8297651410102844, 14]
[379, 466, 396, 484, 'A', 0.9992753863334656, 13]
[395, 464, 420, 484, '16', 0.9993926286697388, 15]
[418, 464, 444, 484, 'DE', 0.9981525540351868, 15]
[446, 466, 545, 483, 'NOVIEMBRE', 0.9957420229911804, 12]
[543, 464, 573, 484, 'DE', 0.9621118307113647, 15]
[571, 466, 613, 484, '2022', 0.9102771282196045, 13]
[214, 475, 311, 503, 'EEGISTRO', 0.32648491859436035, 21]
[304, 478, 341, 503, 'No.', 0.777134895324707, 18]
[338, 483, 379, 501, '8632', 0.752967357635498, 13]
[217, 492, 308, 515, 'EsSacretariginos', 0.308704137802124, 17]
[301, 498, 319, 514, 'sel', 0.45181092619895935, 12]
[311, 495, 342, 514, 'hace', 0.9798567891120911, 14]
[338, 497, 398, 515, 'responsable', 0.7365154027938843, 13]
[392, 497, 458, 515, 'detcontonido', 0.659891664981842, 13]
[454, 498, 474, 514, 'del', 0.9976251721382141, 12]
[468, 498, 523, 515, 'documento', 0.5603832602500916, 12]
[217, 506, 293, 524, 'GSecretarial:', 0.447308748960495, 13]
[220, 520, 236, 531, 'Se', 0.49860289692878723, 8]
[231, 514, 304, 537, 'Sacréaiatned', 0.40570196509361267, 17]
[287, 507, 401, 526, 'ascepiano:tsonstliy,', 0.30357837677001953, 14]
[395, 510, 412, 524, 'c', 0.421756386756897, 10]
[406, 507, 499, 526, 'abiliywhasoaverk', 0.39089375734329224, 14]
[486, 503, 636, 531, 'Tommadibasiren', 0.20137867331504822, 21]
[627, 514, 636, 523, 'nt', 0.9955009818077087, 6]
[294, 515, 353, 538, 'deviantpas', 0.5235449075698853, 17]
[350, 518, 409, 537, 'responsable', 0.8802096843719482, 14]
[403, 518, 458, 537, 'dycontenu', 0.6627897620201111, 14]
[454, 521, 471, 535, 'du', 0.9898934960365295, 10]
[465, 520, 520, 538, 'document.', 0.6330456137657166, 13]
[231, 531, 254, 551, 'y', 0.20110569894313812, 15]
[327, 537, 336, 546, '-', 0.5613006353378296, 6]
[359, 531, 415, 554, 's', 0.2788485884666443, 17]
[427, 534, 497, 552, 'hss', 0.23835769295692444, 13]
[506, 537, 516, 546, '-', 0.5183494091033936, 6]
[226, 549, 236, 558, 'M.', 0.7603797912597656, 6]
[234, 549, 336, 568, 'AVIBVM/ALG', 0.6768555641174316, 14]
[73, 456, 129, 518, 'S', 0.27433571219444275, 46]
[899, 552, 924, 577, '-', 0.5973522067070007, 18]
[610, 455, 1088, 594, 'NAÇION', 0.8332815766334534, 104]
[273, 569, 441, 597, 'SECRETARIA', 0.9940802454948425, 21]
[448, 575, 485, 596, 'DE', 0.9997463822364807, 15]
[492, 572, 689, 596, 'GOBERNACION', 0.9456769227981567, 18]
[842, 647, 898, 664, 'FIRMA', 0.9984415173530579, 12]
[802, 664, 873, 682, 'CODIGO:', 0.8968550562858582, 13]
[871, 665, 980, 682, 'PRBK8GXKC', 0.8960497379302979, 12]
[749, 715, 783, 733, 'www.', 0.8239662647247314, 13]
[777, 716, 896, 733, 'dicoppu.gobernacion,', 0.7289056777954102, 12]
[891, 716, 981, 735, 'gob.mxiregistro', 0.957861065864563, 14]
[571, 679, 594, 699, 'La', 0.6748942732810974, 15]
[587, 681, 653, 698, 'autenticidad', 0.977279543876648, 12]
[650, 681, 669, 696, 'de', 0.9949423670768738, 11]
[664, 682, 690, 696, 'ésta', 0.9899594187736511, 10]
[689, 681, 755, 699, 'Legalizacion', 0.8490607142448425, 13]
[752, 685, 765, 698, 'ys', 0.9871708750724792, 9]
[758, 682, 777, 698, 'su', 0.5426066517829895, 12]
[772, 679, 803, 698, 'firma', 0.8870335817337036, 14]
[800, 681, 861, 698, 'eiectronica', 0.9012686014175415, 12]
[856, 681, 893, 699, 'puede', 0.9986698627471924, 13]
[890, 682, 915, 699, 'sery', 0.9290719032287598, 12]
[908, 681, 964, 699, 'verificada', 0.8545023798942566, 13]
[960, 682, 980, 698, 'en:', 0.9946919083595276, 12]
[576, 690, 604, 708, 'The', 0.9868310689926147, 13]
[599, 691, 661, 710, 'authenticity', 0.5845285058021545, 14]
[656, 693, 672, 708, 'of', 0.9994634985923767, 11]
[669, 690, 693, 710, 'this', 0.965957522392273, 15]
[687, 691, 757, 710, 'Legalizacion', 0.748298704624176, 14]
[751, 691, 779, 710, 'andi', 0.5048975348472595, 14]
[772, 693, 791, 708, 'its', 0.9988335967063904, 11]
[786, 691, 840, 710, 'electronic', 0.9748775959014893, 14]
[836, 691, 887, 710, 'signature', 0.5246387124061584, 14]
[884, 693, 913, 712, 'may', 0.8186025023460388, 14]
[908, 693, 927, 710, 'be', 0.9999586343765259, 12]
[922, 691, 967, 710, 'verified', 0.9044909477233887, 14]
[963, 693, 981, 708, 'at:', 0.7950399518013, 11]
[550, 702, 619, 719, "L'authenticité", 0.5979095101356506, 12]
[615, 704, 633, 719, 'de', 0.9967966675758362, 11]
[629, 702, 661, 721, 'cettel', 0.5177212357521057, 14]
[656, 704, 721, 721, 'Legalizacion', 0.5860579013824463, 12]
[720, 704, 735, 719, 'et', 0.9981936812400818, 11]
[732, 704, 751, 719, 'des', 0.8218153119087219, 11]
[746, 705, 765, 721, 'sa', 0.9415635466575623, 12]
[760, 704, 813, 722, 'signature', 0.8897368311882019, 13]
[808, 704, 874, 722, 'électronique', 0.773931622505188, 13]
[870, 704, 901, 722, 'peut', 0.9166935086250305, 13]
[898, 705, 922, 722, 'être', 0.9544581770896912, 12]
[918, 704, 961, 722, 'vérifiée', 0.884813666343689, 13]
[958, 707, 980, 721, 'sur.', 0.993851900100708, 10]
[505, 763, 520, 773, '-', 0.28463757038116455, 7]
[649, 760, 676, 778, '0S', 0.27138641476631165, 13]
[687, 763, 709, 775, '', 0.26259008049964905, 9]
[712, 763, 748, 777, '56', 0.23813723027706146, 10]
[616, 891, 709, 919, 'AI003', 0.407809317111969, 21]
[850, 899, 870, 911, 'C', 0.42912906408309937, 9]
[285, 1123, 342, 1142, 'VERS', 0.7280892133712769, 14]
[415, 1121, 523, 1145, 'AREMBE', 0.5150159001350403, 18]
[540, 1118, 728, 1151, 'AOIDAMIGROSO', 0.26861074566841125, 24]
[738, 1123, 777, 1149, 'AJ', 0.8267877101898193, 19]
[834, 1128, 865, 1148, 'A.s', 0.3371352553367615, 15]
[729, 1228, 752, 1242, 'C1', 0.36342674493789673, 10]
[262, 1406, 280, 1418, '-', 0.6168779730796814, 9]
