[343, 84, 358, 103, '', 0.8742861747741699, 14]
[654, 128, 744, 158, 'VÉRACRUZ', 0.8857989311218262, 22]
[659, 149, 687, 164, 'CUNADE', 0.8621604442596436, 11]
[294, 217, 370, 235, 'ESTADOS', 0.9452794194221497, 13]
[368, 217, 430, 237, 'UNIDOS', 0.9994038343429565, 15]
[430, 218, 522, 238, 'MEXICANOS', 0.9945682287216187, 15]
[238, 240, 304, 260, 'ESTADO', 0.9990159273147583, 15]
[302, 240, 350, 260, 'LIBRE', 0.9963160157203674, 15]
[348, 241, 365, 260, 'Y', 0.9891343712806702, 14]
[363, 241, 452, 261, 'SOBERANO', 0.9996259212493896, 15]
[450, 243, 476, 261, 'DE', 0.9999270439147949, 13]
[480, 243, 567, 263, 'VERACRUZ', 0.9990662932395935, 15]
[319, 261, 401, 279, 'REGISTRO', 0.9991304278373718, 13]
[398, 261, 434, 281, 'DEL', 0.912264347076416, 15]
[432, 261, 498, 281, 'ESTADO', 0.7885183095932007, 15]
[330, 330, 375, 350, 'ACTAL', 0.29912155866622925, 15]
[368, 332, 394, 350, 'DE', 0.9999282360076904, 13]
[391, 330, 485, 350, 'MATRIMONIO', 0.9170289039611816, 15]
[311, 425, 363, 443, 'DATOS', 0.9921146035194397, 13]
[353, 424, 514, 447, 'DELOSCONTRAYENTES,', 0.4851256310939789, 17]
[527, 302, 554, 325, 'CI', 0.9226948022842407, 17]
[555, 304, 591, 324, 'CURP.', 0.883999764919281, 15]
[593, 309, 639, 322, 'CAVP8706', 0.9353802800178528, 9]
[639, 310, 702, 324, '20HVZDC801', 0.930993378162384, 10]
[531, 332, 552, 348, 'C2', 0.9187172651290894, 12]
[557, 337, 590, 352, 'CURP:', 0.9180966019630432, 11]
[15, 352, 25, 361, '-S', 0.7659657597541809, 6]
[7, 378, 23, 396, '0', 0.359065443277359, 13]
[53, 376, 81, 391, '0001', 0.9997114539146423, 11]
[3, 394, 31, 430, '3', 0.2807999849319458, 27]
[5, 422, 25, 453, '5', 0.7147341966629028, 23]
[18, 465, 28, 476, ':', 0.37686601281166077, 8]
[35, 468, 69, 483, '3ARDE', 0.2935234010219574, 11]
[61, 466, 123, 485, 'ENACIMIENTO', 0.5092534422874451, 14]
[2, 435, 36, 486, '-', 0.8847824931144714, 38]
[7, 476, 25, 496, '', 0.3652782738208771, 15]
[28, 493, 81, 512, 'DMICILIO:', 0.5503435134887695, 14]
[86, 494, 132, 514, 'LEONA', 0.8279786109924316, 15]
[127, 494, 181, 514, 'VICARIO,', 0.9488850831985474, 15]
[176, 496, 194, 512, '6,', 0.9945066571235657, 12]
[187, 494, 260, 514, 'COATEPEC.', 0.8947740793228149, 15]
[253, 496, 322, 514, 'COATEPEC,', 0.7175668478012085, 13]
[319, 496, 388, 514, 'VERACRUZ,', 0.9575649499893188, 13]
[383, 496, 434, 514, 'MEXICO', 0.7926238179206848, 13]
[0, 537, 36, 583, '-', 0.3405590355396271, 34]
[3, 572, 30, 595, 'R', 0.7534186840057373, 17]
[33, 565, 74, 585, 'GARDEN', 0.9908854365348816, 15]
[67, 570, 125, 583, 'NACIMIENTO.', 0.5899769067764282, 9]
[5, 586, 26, 629, '*', 0.40746504068374634, 32]
[31, 593, 84, 613, 'OMICILIO:', 0.65080326795578, 15]
[107, 595, 155, 613, 'LEONAV', 0.5216848254203796, 13]
[148, 595, 202, 614, 'VICARIO,', 0.9972984194755554, 14]
[199, 596, 214, 613, '6,', 0.9986448884010315, 12]
[210, 596, 279, 614, 'COATEPEC,', 0.9955743551254272, 13]
[276, 596, 345, 614, 'COATEPEC,', 0.8732401728630066, 13]
[342, 596, 409, 614, 'VERACRUZ,', 0.9629657864570618, 13]
[404, 598, 455, 616, 'MEXICO', 0.594269335269928, 13]
[26, 609, 66, 629, 'ECHAD', 0.992642343044281, 15]
[59, 609, 143, 629, 'DENACIMIENTO', 0.8189481496810913, 15]
[159, 611, 224, 631, '07/10/1988', 0.9997932314872742, 15]
[238, 613, 322, 632, 'NACIONALIDAD', 0.47598201036453247, 14]
[316, 613, 381, 632, 'MEXICANA', 0.9767377972602844, 14]
[30, 624, 92, 644, 'CUPACION:', 0.5375065803527832, 15]
[107, 624, 176, 644, 'EMPLEADO', 0.9997718930244446, 15]
[30, 660, 77, 680, 'ADRE1C', 0.9337121248245239, 15]
[67, 662, 148, 680, 'CONTRAYENTE1', 0.5559371709823608, 13]
[141, 664, 158, 680, '1:', 0.9968168139457703, 12]
[155, 662, 191, 682, 'SAUL', 0.9220620393753052, 15]
[187, 662, 243, 680, 'IGNACIO', 0.7470504641532898, 13]
[237, 662, 288, 680, 'CADENA', 0.9983783960342407, 13]
[283, 662, 342, 680, 'ANDRADE', 0.9999254941940308, 13]
[28, 675, 146, 695, 'ADRE2CONTRAYENTE', 0.5316072702407837, 15]
[145, 682, 155, 692, '1:', 0.9990605711936951, 7]
[156, 677, 199, 696, 'MARIA', 0.8047319650650024, 14]
[189, 675, 398, 700, 'EREXSOMCKEN', 0.2133254110813141, 18]
[30, 706, 141, 726, 'OMCLOFROGENTORZ', 0.21461637318134308, 15]
[146, 710, 197, 728, 'FUENTE', 0.9830942749977112, 13]
[192, 711, 215, 728, 'DE', 0.9982938170433044, 12]
[210, 710, 301, 728, 'LAPRIMAVERA,', 0.5987806916236877, 13]
[293, 711, 319, 729, '38,', 0.9933052659034729, 13]
[311, 711, 480, 729, 'FRACONAMENTOFUPMES', 0.30801403522491455, 13]
[0, 613, 40, 734, 'I', 0.3742609918117523, 90]
[3, 718, 25, 756, '5', 0.5606715083122253, 28]
[30, 742, 67, 762, 'PADRE', 0.9989703893661499, 15]
[63, 744, 159, 762, '1CONTRAYENTE2:', 0.7936463952064514, 13]
[155, 744, 205, 762, 'VICTORI', 0.3497982323169708, 13]
[196, 742, 391, 765, 'IUCOHERACENVIERAOE', 0.2217937856912613, 17]
[31, 757, 69, 777, 'PADRE', 0.5311502814292908, 15]
[61, 759, 159, 777, '2CONTRAYENTE2:', 0.5986095666885376, 13]
[156, 759, 217, 779, 'CATALINA', 0.7314410209655762, 15]
[212, 759, 274, 779, 'MENDOZA', 0.9585209488868713, 15]
[266, 761, 320, 779, 'ROBLES', 0.9997584223747253, 13]
[30, 774, 81, 792, 'POMICIUOR', 0.6145000457763672, 13]
[71, 774, 138, 792, 'PROGENTORI', 0.5420683026313782, 13]
[132, 779, 141, 788, '1:', 0.996478259563446, 6]
[140, 774, 220, 793, 'AFRODITA,6,', 0.9935005307197571, 14]
[214, 775, 271, 793, 'COLONIA', 0.8629850149154663, 13]
[265, 775, 325, 793, 'BADILLO,', 0.722589373588562, 13]
[316, 775, 430, 795, 'XALAPA-ENRIQUEZ:', 0.6585508584976196, 15]
[426, 775, 478, 795, 'XALAPA,', 0.565858006477356, 15]
[5, 747, 25, 800, '-', 0.5181541442871094, 39]
[30, 826, 79, 846, 'OMBRE', 0.7306305170059204, 15]
[79, 826, 141, 846, 'EDUARDO', 0.8471540212631226, 15]
[136, 828, 210, 846, 'FERNANDEZI', 0.9688198566436768, 13]
[207, 830, 243, 844, 'MAYO', 0.9999275207519531, 10]
[240, 828, 309, 846, 'PETERNELL', 0.9997615218162537, 13]
[0, 787, 31, 856, '-', 0.3592287003993988, 51]
[30, 857, 104, 877, 'PARENTESÇON', 0.8297014236450195, 15]
[94, 857, 156, 877, 'NINGUNO', 0.9949022531509399, 15]
[28, 872, 79, 892, 'NOMBRE:', 0.9742367267608643, 15]
[81, 872, 127, 892, 'JESUS', 0.6504745483398438, 15]
[118, 872, 173, 892, 'MARTINO', 0.7489516735076904, 15]
[164, 872, 258, 892, 'ORTEGAPEREZ', 0.8696810603141785, 15]
[0, 843, 31, 902, '-', 0.5528740286827087, 44]
[7, 903, 23, 925, '', 0.440604567527771, 16]
[28, 903, 156, 925, 'ARENTESCONNGUNO', 0.5079792141914368, 16]
[26, 918, 76, 938, 'OMBRE', 0.8458042740821838, 15]
[81, 920, 243, 938, 'CEPARDOVENTURALATES', 0.24251259863376617, 13]
[2, 915, 30, 954, '3', 0.9633445739746094, 29]
[31, 949, 155, 969, 'ARENIESCONINGUNO', 0.6234711408615112, 15]
[2, 944, 26, 997, '-', 0.4339233636856079, 39]
[30, 964, 76, 984, 'OMBRE', 0.7477840781211853, 15]
[81, 966, 145, 984, 'CATALINAN', 0.9859457612037659, 13]
[138, 964, 233, 984, 'MENDOZAROBLE', 0.9974038004875183, 15]
[225, 967, 247, 984, 'ES', 0.9982560276985168, 12]
[5, 995, 25, 1025, '3', 0.32043492794036865, 22]
[30, 995, 102, 1015, 'PARENTESCO:', 0.4824919104576111, 15]
[95, 997, 143, 1015, 'MADRE', 0.9981988072395325, 13]
[5, 1022, 25, 1051, '3', 0.964205265045166, 21]
[74, 1084, 95, 1097, '', 0.46043676137924194, 9]
[2, 1043, 31, 1099, '-', 0.6374323964118958, 42]
[7, 1107, 23, 1124, '-', 0.45715510845184326, 12]
[8, 1125, 18, 1138, 'a', 0.45213866233825684, 9]
[53, 1117, 79, 1132, 'MUELUA', 0.4848807752132416, 11]
[110, 1119, 123, 1132, 'DEL', 0.9804178476333618, 9]
[591, 337, 708, 356, 'MEMABIOOTMOFRANOS', 0.22382938861846924, 14]
[33, 358, 86, 376, 'OFICIALIAN', 0.5264987945556641, 13]
[81, 360, 100, 375, 'No.', 0.9997208714485168, 11]
[125, 360, 159, 375, 'LIBRO', 0.7492981553077698, 11]
[155, 360, 174, 375, 'No.', 0.9994494318962097, 11]
[192, 358, 242, 376, 'ACTANO.', 0.9324872493743896, 13]
[253, 360, 283, 375, 'FOJAN', 0.995934247970581, 11]
[278, 360, 297, 375, 'No.', 0.999180257320404, 11]
[437, 358, 499, 376, 'LOCALIDAD', 0.9960301518440247, 13]
[435, 375, 501, 393, 'COATEPEC', 0.9979206919670105, 13]
[414, 394, 524, 407, 'ENTDADFEDERATVA', 0.7958269119262695, 9]
[434, 407, 503, 425, 'VERACRUZ', 0.9797385931015015, 13]
[426, 440, 486, 460, 'CADENAS', 0.994633674621582, 15]
[424, 455, 490, 473, 'PRMERAELDO', 0.4746713638305664, 13]
[340, 480, 388, 498, 'MNLPIO', 0.5864725708961487, 13]
[350, 470, 393, 486, 'XALAPA', 0.896141529083252, 12]
[380, 511, 439, 529, 'MEXICANA', 0.6199538707733154, 13]
[416, 544, 495, 562, 'HERNANDEZ', 0.994248628616333, 13]
[422, 555, 493, 573, 'TIGMERWELIOO', 0.23609700798988342, 13]
[319, 568, 376, 586, 'GUSTAVOA', 0.7184068560600281, 13]
[368, 570, 414, 588, 'MADERO', 0.9988411068916321, 13]
[339, 581, 389, 600, 'UUNPI', 0.2186470478773117, 14]
[669, 360, 721, 379, 'FECHADER', 0.9688588976860046, 14]
[711, 360, 764, 379, 'REGISTRO', 0.970851480960846, 14]
[662, 371, 772, 402, '1SFEBRERO202', 0.3343590199947357, 23]
[706, 375, 723, 386, 'MES', 0.9646555781364441, 8]
[652, 443, 706, 462, 'VICARTE', 0.9030611515045166, 14]
[642, 457, 713, 475, 'SEANONICO', 0.3304133713245392, 13]
[672, 471, 718, 489, 'MEXICO', 0.9957838654518127, 13]
[677, 485, 703, 499, 'VAS', 0.28090187907218933, 10]
[646, 542, 713, 567, 'MENDOZA', 0.9996252059936523, 18]
[641, 560, 718, 580, 'SEGMCOAPELDO', 0.420650839805603, 15]
[669, 570, 711, 590, 'MEXCO', 0.6406145691871643, 15]
[677, 585, 702, 600, 'VAS', 0.553253710269928, 11]
[145, 378, 158, 391, '1', 0.9999759197235107, 9]
[102, 391, 233, 409, 'MUNCPOODEIEGKCN', 0.3543022871017456, 13]
[132, 407, 199, 425, 'COATEPEC', 0.6309921741485596, 13]
[145, 439, 228, 458, 'PABLOHIRAM', 0.6075050830841064, 14]
[135, 453, 194, 471, 'NOMEKEISCON', 0.4035704731941223, 13]
[201, 458, 210, 468, 'AY', 0.9983510971069336, 7]
[205, 455, 238, 470, 'VENTET', 0.6408473253250122, 11]
[159, 468, 256, 486, 'XALAPAENRIQVEZ', 0.4986470639705658, 13]
[199, 480, 251, 498, 'IOCALDD', 0.3467424213886261, 13]
[145, 542, 230, 562, 'ANAVICTORIA', 0.9205478429794312, 15]
[132, 554, 181, 572, 'RORTEESICE', 0.32604438066482544, 13]
[205, 557, 228, 570, 'INTEZ', 0.6777504682540894, 9]
[179, 580, 225, 600, 'LOCAOX', 0.29477453231811523, 15]
[207, 375, 228, 391, '87', 0.9999746084213257, 12]
[265, 376, 283, 393, '87', 0.9999804496765137, 12]
[470, 480, 555, 499, 'ENTORYLUINAINA', 0.3111104965209961, 14]
[496, 468, 562, 486, 'VERACRUZ', 0.9925130605697632, 13]
[460, 570, 509, 588, 'CIUDAD', 0.8029329180717468, 13]
[503, 570, 526, 586, 'DE', 0.7711202502250671, 12]
[521, 570, 572, 588, 'MEXICO', 0.9510335922241211, 13]
[473, 585, 554, 598, 'IRTGRDVEDIRATVA', 0.3006172478199005, 9]
[3, 488, 30, 529, '3', 0.5708484649658203, 30]
[25, 509, 35, 519, 'a', 0.8204284906387329, 7]
[30, 509, 143, 529, 'ECHADÉNACMENTO', 0.6041789650917053, 15]
[163, 511, 219, 529, '20/06/1987', 0.9060840606689453, 13]
[240, 511, 320, 529, 'NACIONALIDAD', 0.8510450124740601, 13]
[3, 521, 28, 557, '3', 0.7707590460777283, 27]
[28, 524, 90, 544, 'CUPACION:', 0.635495662689209, 15]
[87, 522, 201, 547, 'TRABAJADORPORS', 0.992845356464386, 18]
[191, 526, 261, 544, 'SUCUENTA', 0.8150933980941772, 13]
[509, 512, 547, 534, 'EDAD', 0.8097778558731079, 16]
[559, 512, 583, 534, '34', 0.9797107577323914, 16]
[595, 512, 631, 532, 'ANOS', 0.9808721542358398, 15]
[508, 614, 545, 634, 'EDAD:', 0.8183292746543884, 15]
[559, 616, 580, 632, '33', 0.9965817332267761, 12]
[591, 614, 628, 634, 'ANOS', 0.9877853393554688, 15]
[319, 644, 514, 667, 'FARASDECOATRAVEATEL', 0.18191368877887726, 17]
[320, 728, 508, 751, 'FAORESDRLCONTAYETEZ', 0.28423094749450684, 17]
[314, 811, 534, 834, 'ETRCAEAICCOTAENE', 0.27063292264938354, 17]
[593, 654, 647, 667, '', 0.41911599040031433, 9]
[575, 665, 656, 683, 'NACIONALDAD', 0.9256306290626526, 13]
[573, 680, 654, 698, 'NACIONALDAD', 0.5773391723632812, 13]
[575, 747, 654, 767, 'NACIONALIDAD', 0.6087241172790527, 15]
[575, 762, 654, 780, 'NACIONALIDAD', 0.6515080332756042, 13]
[614, 820, 624, 830, '-', 0.8057175278663635, 7]
[587, 830, 649, 848, 'MEXICANA', 0.9767440557479858, 13]
[587, 875, 651, 894, 'MEXICANA', 0.689619243144989, 14]
[583, 913, 647, 931, 'MEXICANA', 0.8224518895149231, 13]
[693, 665, 757, 683, 'MEXICANA', 0.9487152099609375, 13]
[693, 682, 757, 701, 'MEXICANA', 0.701082706451416, 14]
[693, 747, 756, 765, 'MEXICANA', 0.9395840167999268, 13]
[693, 762, 757, 780, 'MEXICANA', 0.890690267086029, 13]
[682, 833, 713, 848, 'EDAD:', 0.9952890872955322, 11]
[723, 833, 741, 849, '34', 0.9988033771514893, 12]
[756, 831, 792, 851, 'ANOS', 0.5460800528526306, 15]
[680, 880, 711, 894, 'EDAD:', 0.9993428587913513, 10]
[752, 879, 785, 894, 'ANOS', 0.6165962815284729, 11]
[726, 879, 748, 895, '30', 0.9973251819610596, 12]
[679, 917, 710, 931, 'EDAD:', 0.9963177442550659, 10]
[728, 915, 748, 931, '41', 0.9999085664749146, 12]
[759, 917, 790, 931, 'ANOS', 0.9967154264450073, 10]
[133, 696, 143, 706, '1:', 0.8150100111961365, 7]
[30, 692, 77, 711, 'OMICLIO', 0.981526255607605, 14]
[72, 692, 138, 711, 'PROGENITOR1', 0.8004388809204102, 14]
[141, 692, 194, 711, 'FUENTE', 0.9875669479370117, 14]
[186, 693, 296, 713, 'DELAPRIMAVERA:', 0.850411057472229, 15]
[291, 695, 314, 711, '38,', 0.9951294660568237, 12]
[307, 692, 493, 716, 'IAACOMMEIORNGNTESCE', 0.2541104555130005, 18]
[488, 696, 518, 711, 'LASA', 0.9975404739379883, 11]
[509, 695, 562, 713, 'ANIMAS,', 0.9612655639648438, 13]
[559, 695, 674, 715, 'XALAPAENRIQUEZ', 0.5840439796447754, 15]
[664, 695, 780, 715, 'XALAPA,VERACRUZ', 0.3807258605957031, 15]
[473, 711, 522, 731, 'DELASA', 0.9806637167930603, 15]
[514, 711, 565, 729, 'ANIMAS,', 0.9686494469642639, 13]
[559, 710, 725, 733, 'XAWAENRQLEZAUPAY', 0.3822125792503357, 17]
[713, 713, 785, 731, 'VERACRUZ,', 0.7163354158401489, 13]
[470, 777, 544, 797, 'VERACRUZ,', 0.7531166672706604, 15]
[536, 777, 587, 797, 'MEXICO', 0.5185480713844299, 15]
[470, 830, 547, 848, 'NACIONALIDAD', 0.7953726053237915, 13]
[468, 875, 549, 894, 'NACIONALIDAD:', 0.9724834561347961, 14]
[470, 913, 547, 931, 'NACIONALIDAD:', 0.6979179978370667, 13]
[470, 954, 549, 972, 'NACIONALIDAD:', 0.7912353277206421, 13]
[30, 788, 141, 808, 'OMECUOPROGENTORZ', 0.5392717123031616, 15]
[146, 790, 212, 810, 'AFRODITA,', 0.8716511726379395, 15]
[207, 792, 225, 808, '6,', 0.981082558631897, 12]
[217, 792, 276, 810, 'COLONIAE', 0.8250066041946411, 13]
[271, 792, 327, 810, 'BADILLO,', 0.9947986602783203, 13]
[324, 792, 437, 810, 'XALAPAENRIQUEZ,', 0.5298796892166138, 13]
[429, 792, 481, 810, 'XALAPA,', 0.9955613613128662, 13]
[476, 793, 547, 811, 'VERACRUZ,', 0.7678974270820618, 13]
[542, 793, 593, 811, 'MEXICO', 0.9877568483352661, 13]
[30, 839, 255, 864, 'ESEDESYEANST', 0.3168851137161255, 18]
[243, 843, 316, 862, '4,COLONIAE', 0.8473480343818665, 14]
[311, 844, 366, 862, 'BADILLO,', 0.5092484354972839, 13]
[362, 844, 417, 862, 'XALAPA-E', 0.9986340403556824, 13]
[408, 844, 476, 862, 'ENRIQUEZ,)', 0.4142826199531555, 13]
[468, 844, 522, 864, 'XALAPA,', 0.5439069271087646, 15]
[514, 841, 588, 866, 'VERACRUZ', 0.809221625328064, 18]
[580, 844, 631, 864, 'MEXICO', 0.9218913912773132, 15]
[7, 890, 23, 910, '>', 0.7182361483573914, 15]
[28, 885, 87, 910, 'POMiCiUO', 0.4205985367298126, 18]
[79, 889, 201, 908, 'GULIERMOPRIETO,', 0.45467785000801086, 14]
[194, 889, 224, 908, '429,', 0.8295393586158752, 14]
[219, 889, 304, 908, 'COLONIA2DE', 0.606151819229126, 14]
[297, 892, 335, 907, 'ABRIL', 0.9866327047348022, 11]
[335, 890, 450, 908, 'XALAPAENRIQUEZ)', 0.8611231446266174, 13]
[442, 890, 496, 908, 'XALAPA,', 0.9715884327888489, 13]
[490, 890, 559, 908, 'VERACRUZ,', 0.9785389304161072, 13]
[555, 890, 606, 910, 'MEXICO', 0.9433584809303284, 15]
[28, 931, 87, 956, 'OMICuO', 0.5143009424209595, 18]
[86, 935, 191, 954, 'URSULOGALVAN,', 0.7831570506095886, 14]
[182, 933, 319, 956, 'S2XALAPAENRIQUEZ)', 0.4773525595664978, 17]
[309, 936, 363, 954, 'XALAPA,', 0.998705267906189, 13]
[357, 936, 427, 954, 'VERACRUZ,', 0.9659312963485718, 13]
[422, 936, 476, 954, 'MEXICO', 0.9086041450500488, 13]
[28, 977, 90, 1002, 'OMICLO', 0.46056634187698364, 18]
[81, 979, 219, 1002, 'AFRODITAG.COLONAB', 0.5777741074562073, 17]
[207, 981, 266, 1000, 'BADILLO.', 0.544819712638855, 14]
[261, 981, 380, 1000, 'XALAPAENRIQUEZX', 0.7498473525047302, 14]
[370, 981, 424, 1000, 'XALAPA,', 0.9759202003479004, 14]
[416, 981, 486, 1000, 'VERACRUZ,', 0.9919375777244568, 14]
[481, 981, 532, 1000, 'MEXIÇO', 0.5887529253959656, 14]
[593, 954, 657, 974, 'MEXICANA', 0.908427357673645, 15]
[682, 958, 715, 972, 'EDAD:', 0.975989580154419, 10]
[726, 958, 752, 976, '64', 0.9993413090705872, 13]
[756, 956, 794, 976, 'ANOS', 0.9911275506019592, 15]
[245, 1084, 278, 1097, '-', 0.45687416195869446, 9]
[312, 1086, 322, 1096, '-', 0.5219927430152893, 7]
[316, 1081, 376, 1099, 'i', 0.48412007093429565, 13]
[380, 1086, 389, 1096, '-', 0.3990862965583801, 7]
[383, 1079, 453, 1099, 'RÉGIMEN', 0.6035950183868408, 15]
[450, 1086, 460, 1096, '-', 0.7786351442337036, 7]
[476, 1086, 493, 1097, '', 0.7417005300521851, 8]
[496, 1084, 519, 1097, 'as', 0.29143112897872925, 9]
[582, 1086, 598, 1097, 'a', 0.28107360005378723, 8]
[591, 1082, 619, 1097, 'A', 0.9426334500312805, 11]
[619, 1086, 629, 1096, '-', 0.6732894778251648, 7]
[585, 1132, 614, 1147, 'rM', 0.41373246908187866, 11]
[667, 1087, 683, 1099, 'a', 0.25407174229621887, 9]
[669, 1119, 702, 1132, 'HUELLAC', 0.4861260652542114, 9]
[698, 1119, 728, 1132, 'DIGITAL', 0.9287365674972534, 9]
[725, 1119, 743, 1133, 'DEL', 0.9227948188781738, 10]
[741, 1119, 761, 1133, 'CONT', 0.5747717618942261, 10]
[8, 1097, 25, 1112, '-', 0.6570343375205994, 11]
[28, 1094, 153, 1119, 'STEWATFIMONIOESTAE', 0.5020557045936584, 18]
[145, 1097, 205, 1115, 'SUJETOALF', 0.8367986679077148, 13]
[197, 1096, 253, 1115, 'RÉGIMEN', 0.951335072517395, 14]
[251, 1097, 293, 1117, 'Bienes', 0.9848777055740356, 15]
[289, 1097, 347, 1117, 'Separados.', 0.7573389410972595, 15]
[378, 1115, 439, 1133, 'CONTRAYENTES', 0.5080152750015259, 13]
[509, 1124, 555, 1150, 'nal', 0.5464023947715759, 19]
[58, 1235, 109, 1248, 'MOTACIONES', 0.5881162285804749, 9]
[41, 1283, 74, 1312, 'EE', 0.1692097783088684, 21]
[53, 1303, 82, 1317, 'NIERON', 0.47549140453338623, 10]
[92, 1303, 118, 1317, 'SABEN', 0.9679567217826843, 10]
[102, 1345, 113, 1355, 'AL', 0.8355493545532227, 7]
[110, 1355, 130, 1368, 'ApO', 0.35598838329315186, 9]
[120, 1342, 138, 1358, 'DEL', 0.9982276558876038, 12]
[120, 1368, 130, 1378, 'as', 0.30710527300834656, 7]
[94, 1409, 109, 1426, 'e', 0.5811578035354614, 12]
[36, 1441, 67, 1460, 'clon', 0.7979612350463867, 14]
[66, 1439, 120, 1459, 'Genoral', 0.5547314882278442, 15]
[115, 1441, 138, 1455, 'del', 0.5778387188911438, 10]
[36, 1464, 109, 1483, 'CURTEPEE', 0.4143318831920624, 14]
[44, 1450, 87, 1472, 'stro', 0.4239606261253357, 16]
[84, 1449, 118, 1470, 'Civil', 0.7004896402359009, 15]
[77, 1485, 87, 1495, 'sie', 0.8964492082595825, 7]
[109, 1485, 122, 1495, 'nto', 0.40210720896720886, 7]
[113, 1276, 174, 1294, 'ALOECORTRAN', 0.32851967215538025, 13]
[150, 1286, 168, 1303, 'DEL', 0.9906949996948242, 12]
[171, 1280, 230, 1293, 'ENMESENLOST', 0.4405527114868164, 9]
[224, 1276, 263, 1304, 'CECSS', 0.1907738894224167, 21]
[421, 1286, 455, 1306, 'UNDOS', 0.8943498134613037, 15]
[429, 1298, 472, 1314, 'VFRMNE', 0.512162446975708, 12]
[194, 1303, 212, 1319, 'NO,', 0.7235671281814575, 12]
[210, 1283, 243, 1314, 'L', 0.4538561999797821, 23]
[210, 1304, 248, 1319, 'MPRMEN', 0.5071287155151367, 11]
[233, 1296, 250, 1311, 'ES', 0.9756752252578735, 11]
[240, 1273, 289, 1319, '-', 0.4304018020629883, 34]
[247, 1304, 263, 1321, 'su', 0.5666181445121765, 12]
[288, 1303, 324, 1322, 'DOITAL.', 0.46688517928123474, 14]
[247, 1368, 263, 1383, 'TKE', 0.9056687355041504, 11]
[258, 1368, 276, 1383, 'Egv', 0.4945503771305084, 11]
[187, 1365, 251, 1385, '556WaMpe', 0.4241108000278473, 15]
[271, 1368, 307, 1383, 'VKIDVE', 0.9819812178611755, 11]
[304, 1367, 320, 1383, '9s', 0.6085108518600464, 12]
[317, 1368, 335, 1383, 'SUE', 0.9976422190666199, 11]
[355, 1368, 371, 1383, 'vs', 0.5511738657951355, 11]
[593, 1299, 610, 1314, 'EN', 0.9929198622703552, 11]
[608, 1301, 619, 1311, 'EL', 0.8728536367416382, 7]
[557, 1288, 603, 1319, 'oee', 0.17622189223766327, 23]
[567, 1357, 600, 1376, 'JRXK', 0.5150456428527832, 14]
[575, 1345, 628, 1380, 'H', 0.27081409096717834, 26]
[509, 1344, 580, 1381, 'EVET', 0.2672783434391022, 27]
[54, 1268, 146, 1327, '', 0.5523052215576172, 44]
[107, 1280, 169, 1327, 'E', 0.7386536598205566, 35]
[151, 1278, 224, 1327, '-', 0.48507165908813477, 36]
[248, 1268, 324, 1332, '', 0.5189582109451294, 48]
[294, 1268, 373, 1332, '', 0.7954189777374268, 48]
[337, 1266, 547, 1327, 'E', 0.4533499479293823, 45]
[509, 1270, 634, 1326, '-', 0.6078755259513855, 42]
[189, 1347, 228, 1362, 'VGobzo', 0.46092215180397034, 11]
[189, 1357, 225, 1372, 'CGWOK', 0.4189852774143219, 11]
[222, 1357, 240, 1372, 'NP', 0.9783172607421875, 11]
[256, 1347, 273, 1362, 'Yn', 0.6320153474807739, 11]
[265, 1357, 281, 1373, 'UE', 0.5177775621414185, 12]
[274, 1347, 302, 1362, 'OIFB', 0.4064466655254364, 11]
[297, 1347, 317, 1362, 'Rm', 0.6830992698669434, 11]
[312, 1350, 329, 1362, '9q)', 0.5486525297164917, 9]
[324, 1349, 342, 1363, 'VTo', 0.5631857514381409, 10]
[334, 1358, 362, 1373, 'Z2Ux', 0.7764856219291687, 11]
[337, 1350, 350, 1360, '04', 0.931769609451294, 7]
[347, 1349, 375, 1363, 'N3xB', 0.5985835790634155, 10]
[373, 1349, 399, 1363, 'V3Rh', 0.7700909376144409, 10]
[427, 1347, 467, 1367, 'VUGORY', 0.4359699785709381, 15]
[460, 1347, 496, 1367, 'wwoeV', 0.5518927574157715, 15]
[488, 1350, 504, 1365, 'VK', 0.6269029974937439, 11]
[501, 1349, 519, 1365, 'Vs', 0.7484204173088074, 12]
[514, 1350, 534, 1365, 'OUN', 0.8065157532691956, 11]
[527, 1350, 547, 1365, 'NSV', 0.5169609785079956, 11]
[567, 1350, 585, 1365, 'TXV', 0.671105146408081, 11]
[220, 1342, 273, 1378, '', 0.24543195962905884, 27]
[274, 1353, 340, 1378, 'VDEENZ', 0.16694627702236176, 18]
[357, 1358, 399, 1375, 'OIBBCK', 0.39848798513412476, 12]
[388, 1344, 447, 1378, 'gESW', 0.2202923595905304, 25]
[435, 1355, 468, 1375, 'FNIEN', 0.5590195059776306, 15]
[460, 1357, 524, 1376, 'NBREVOOVA', 0.47813528776168823, 14]
[327, 1367, 362, 1386, 'EgSEV', 0.4089924097061157, 14]
[366, 1367, 411, 1386, 'TRFORE', 0.5844396352767944, 14]
[403, 1368, 485, 1386, 'VBE1FTKRPWAF', 0.3327656090259552, 13]
[478, 1370, 495, 1385, 'FBL', 0.6478780508041382, 11]
[488, 1368, 572, 1386, 'UGFKemUKGINEV', 0.26824915409088135, 13]
[564, 1368, 598, 1388, 'VUwgs', 0.36302685737609863, 15]
[591, 1367, 623, 1388, 'SUGO', 0.7042332887649536, 15]
[366, 1391, 376, 1401, 'a', 0.4007234275341034, 7]
[343, 1475, 363, 1490, 'EC.', 0.6019676327705383, 11]
[360, 1477, 396, 1490, 'OlcaiNa', 0.46094220876693726, 9]
[339, 1455, 368, 1477, 'LIC.', 0.9155765175819397, 16]
[358, 1457, 393, 1477, 'ANAI', 0.4754781424999237, 15]
[386, 1457, 430, 1477, 'MARIAI', 0.4994475543498993, 15]
[422, 1459, 521, 1478, 'MARTINEZSILVA', 0.9944911003112793, 14]
[394, 1477, 414, 1491, '0001', 0.6872614026069641, 10]
[412, 1477, 452, 1491, 'dalnope', 0.3083757162094116, 10]
[447, 1475, 504, 1495, 'GCOATEPEC', 0.38307496905326843, 15]
[667, 1470, 687, 1483, '3300', 0.9999986886978149, 9]
[683, 1470, 772, 1483, '03800012022000670', 0.5519394278526306, 9]
[660, 1577, 682, 1593, 'No', 0.5020483136177063, 12]
[674, 1574, 698, 1595, 'DE', 0.9054578542709351, 15]
[692, 1575, 746, 1595, 'CONTROL', 0.999678373336792, 15]
[623, 1605, 682, 1636, 'A30', 0.9991152882575989, 23]
[682, 1606, 780, 1636, '548721', 0.9984219074249268, 22]
[161, 1485, 178, 1496, 'fica', 0.6101016402244568, 8]
[176, 1485, 187, 1495, 'do', 0.9645935297012329, 7]
[44, 1613, 97, 1633, '0', 0.2775614261627197, 15]
