[33, 19, 153, 41, 'IVONACIONAL', 0.5869122743606567, 16]
[159, 17, 420, 43, 'STBAEDUCANNONACON', 0.30699020624160767, 19]
[441, 23, 467, 38, 'STE', 0.8543640971183777, 11]
[480, 24, 492, 36, 'A', 0.8975135087966919, 9]
[486, 23, 516, 38, 'AED', 0.9994445443153381, 11]
[510, 24, 522, 36, ')', 0.7117248773574829, 9]
[518, 24, 529, 36, 'U', 0.8988890647888184, 9]
[525, 24, 537, 36, 'C', 0.600163459777832, 9]
[533, 24, 544, 36, 'C', 0.9642665386199951, 9]
[539, 23, 576, 38, 'ATV', 0.5265111327171326, 11]
[571, 24, 582, 36, '/', 0.7098975777626038, 9]
[661, 24, 672, 36, 'A', 0.9799243211746216, 9]
[625, 45, 650, 60, 'EDI', 0.9493902325630188, 11]
[757, 45, 806, 60, 'IONAL', 0.9373133778572083, 11]
[559, 122, 601, 145, '2021-2', 0.9877888560295105, 17]
[651, 124, 670, 143, '10', 0.9996962547302246, 14]
[762, 124, 826, 145, 'Obligatoria', 0.5711121559143066, 15]
[561, 141, 599, 158, '2021-2', 0.9984371066093445, 12]
[653, 143, 667, 154, '10', 0.9995697140693665, 8]
[772, 141, 817, 158, 'Optativa', 0.9947080612182617, 12]
[471, 160, 512, 175, 'MAED', 0.9392699003219604, 11]
[557, 154, 601, 177, '2021-V', 0.8345263600349426, 17]
[653, 160, 668, 171, '10', 0.9999586343765259, 8]
[762, 156, 826, 177, 'Obligatorial', 0.5580813884735107, 15]
[858, 162, 872, 173, 'N.', 0.34988492727279663, 8]
[561, 173, 599, 190, '2021-V', 0.987141489982605, 12]
[653, 175, 668, 186, '10', 0.999966025352478, 8]
[762, 171, 826, 194, 'Obligatoria', 0.7974604964256287, 17]
[561, 188, 599, 205, '2022-1', 0.9993160963058472, 12]
[653, 190, 668, 205, '10', 0.9999921321868896, 11]
[770, 186, 819, 209, 'Optativa', 0.6347841620445251, 17]
[559, 201, 601, 224, '2022-1', 0.8646632432937622, 17]
[651, 203, 670, 222, '10', 0.9849140048027039, 14]
[762, 203, 826, 226, 'Obligatoria', 0.563974142074585, 17]
[845, 207, 873, 222, 'ON', 0.8302515745162964, 11]
[499, 231, 514, 243, '0', 0.5067106485366821, 9]
[559, 218, 601, 241, '2022-1', 0.9862455129623413, 17]
[651, 220, 670, 237, '10', 0.9900935292243958, 12]
[762, 220, 826, 241, 'Obligatoria', 0.7039383053779602, 15]
[557, 233, 601, 256, '2022-1', 0.8229007124900818, 17]
[646, 235, 672, 254, '9.40', 0.9945927262306213, 14]
[762, 235, 826, 256, 'Obligatoria', 0.7915248274803162, 15]
[367, 252, 415, 267, 'ONAL', 0.999963641166687, 11]
[480, 254, 492, 265, 'A', 0.8889275789260864, 8]
[557, 250, 601, 273, '2022-', 0.8693776726722717, 17]
[651, 252, 670, 269, '10', 0.8301558494567871, 12]
[762, 252, 826, 273, 'Obligatorial', 0.5556402206420898, 15]
[847, 252, 873, 267, 'ON', 0.6946291327476501, 11]
[646, 269, 674, 286, '9.40', 0.940208375453949, 12]
[762, 267, 828, 290, 'Obligatoria:', 0.6348216533660889, 17]
[857, 276, 872, 288, 'M', 0.9583518505096436, 9]
[557, 282, 601, 305, '2022-', 0.4549863934516907, 17]
[646, 284, 674, 301, '9.70', 0.7462584972381592, 12]
[762, 284, 826, 305, 'Obligatoria', 0.5547484159469604, 15]
[394, 299, 405, 310, 'A', 0.9999432563781738, 8]
[428, 299, 443, 310, '5', 0.5563076734542847, 8]
[473, 297, 516, 312, 'MAED', 0.9929908514022827, 11]
[561, 301, 599, 318, '2022-2', 0.999373733997345, 12]
[646, 301, 674, 318, '9.60', 0.9992733597755432, 12]
[729, 301, 740, 312, 'N', 0.8943682312965393, 8]
[762, 299, 828, 320, 'Obligatorial', 0.4911511242389679, 15]
[849, 297, 873, 312, 'ON)', 0.5407959818840027, 11]
[561, 318, 599, 335, '2022-2', 0.9996477365493774, 12]
[646, 318, 674, 335, '9.80', 0.7713341116905212, 12]
[762, 316, 828, 337, '(Obligatoria:', 0.5471651554107666, 15]
[851, 322, 873, 337, 'EM', 0.9989055395126343, 11]
[561, 333, 599, 350, '2022-2', 0.9997373223304749, 12]
[646, 333, 674, 350, '9.60', 0.9085075259208679, 12]
[762, 331, 826, 354, 'Obligatoria', 0.8756201863288879, 17]
[561, 348, 599, 365, '2022-2', 0.9997625946998596, 12]
[646, 348, 676, 369, '8.80', 0.9637511968612671, 15]
[762, 348, 826, 369, 'Obligatoria', 0.6330893635749817, 15]
[847, 342, 877, 359, 'ONA', 0.746697723865509, 12]
[646, 365, 676, 386, '9,90', 0.7783849835395813, 15]
[740, 371, 751, 382, 'AG', 0.21452820301055908, 8]
[762, 363, 826, 386, 'Obligatoria', 0.5829657912254333, 17]
[477, 391, 495, 404, 'AA', 0.6152986884117126, 9]
[497, 391, 509, 403, 'E', 0.7162668704986572, 9]
[561, 382, 599, 399, '2022-2', 0.9636530876159668, 12]
[646, 382, 674, 399, '9.80', 0.9925574064254761, 12]
[762, 380, 826, 401, 'Obligatoria', 0.7363649010658264, 15]
[843, 389, 879, 406, 'ONA', 0.999601423740387, 12]
[561, 397, 599, 414, '2022-V', 0.9987176656723022, 12]
[651, 397, 670, 414, '10', 0.9997968077659607, 12]
[764, 395, 826, 416, 'Obligatoria', 0.703863263130188, 15]
[646, 414, 674, 431, '9.70', 0.9955007433891296, 12]
[734, 416, 746, 427, 'A', 0.9984341263771057, 8]
[772, 414, 821, 433, 'Optativa', 0.9541171193122864, 14]
[849, 414, 873, 429, 'EM', 0.6453465223312378, 11]
[559, 427, 601, 450, '20231', 0.7840224504470825, 17]
[651, 429, 670, 448, '10', 0.8426480889320374, 14]
[725, 438, 738, 450, 'i', 0.3639421761035919, 9]
[770, 427, 821, 450, 'Optativa', 0.5173404812812805, 17]
[830, 438, 841, 450, 'V', 0.9277642965316772, 9]
[845, 438, 857, 450, '0', 0.5968026518821716, 9]
[853, 438, 866, 450, 'N', 0.62123042345047, 9]
[764, 448, 826, 468, 'Obligatoria.', 0.7886624336242676, 15]
[843, 461, 858, 472, 'E', 0.2906641364097595, 8]
[561, 468, 599, 485, '2023-1', 0.9994099140167236, 12]
[646, 468, 674, 485, '9.60', 0.9989479184150696, 12]
[772, 470, 821, 489, 'Optativa', 0.9903532266616821, 14]
[426, 482, 454, 497, 'SIS', 0.48872074484825134, 11]
[450, 483, 462, 495, 'T', 0.31052082777023315, 9]
[559, 482, 601, 504, '2023-2', 0.9952138662338257, 16]
[646, 483, 674, 500, '9.70', 0.9919852018356323, 12]
[762, 482, 826, 504, 'Obligatorial', 0.6670270562171936, 16]
[841, 482, 873, 498, 'ON', 0.780785083770752, 12]
[644, 502, 672, 519, '9.90', 0.9987114667892456, 12]
[768, 498, 821, 521, 'Optativa', 0.9644644260406494, 17]
[851, 504, 873, 521, 'EM', 0.9997934699058533, 12]
[405, 532, 416, 544, 'L', 0.996436595916748, 9]
[452, 529, 465, 540, 'E', 0.7795500755310059, 8]
[492, 530, 503, 542, 'E', 0.41241011023521423, 9]
[561, 517, 599, 534, '2023-2', 0.9993357062339783, 12]
[646, 517, 672, 534, '9.30', 0.9993366599082947, 12]
[764, 515, 826, 536, 'Obligatoria', 0.5293091535568237, 15]
[561, 532, 599, 549, '2023-2', 0.9996991157531738, 12]
[653, 534, 668, 549, '10', 0.9999072551727295, 11]
[764, 530, 826, 553, 'Obligatoria', 0.682843029499054, 17]
[853, 530, 872, 544, 'N', 0.6355908513069153, 10]
[655, 551, 668, 562, '10', 0.9999138116836548, 8]
[762, 547, 826, 568, 'Obligatoria', 0.7257364988327026, 15]
[843, 551, 877, 566, 'TEM', 0.9991040825843811, 11]
[460, 576, 475, 587, 'EN', 0.9386284351348877, 8]
[471, 574, 507, 589, 'MAE', 0.9891679286956787, 11]
[559, 566, 599, 583, '2023-V', 0.9875801801681519, 12]
[646, 564, 672, 581, '9.40', 0.9735307693481445, 12]
[736, 576, 747, 587, 'V', 0.6014444231987, 8]
[762, 564, 828, 585, 'Obligatoria', 0.6736672520637512, 15]
[853, 576, 866, 587, 'N', 0.8475654721260071, 8]
[559, 577, 601, 600, '2023-V', 0.5518572926521301, 17]
[648, 579, 674, 596, '9.80', 0.999100923538208, 12]
[764, 577, 826, 600, 'Obligatoria', 0.5369687676429749, 17]
[497, 598, 516, 611, 'or', 0.9873458743095398, 9]
[719, 596, 753, 611, 'NAC', 0.9969845414161682, 11]
[642, 619, 674, 636, 'NAI', 0.9107412099838257, 12]
[723, 617, 779, 638, 'EMAED', 0.9992271661758423, 15]
[808, 617, 875, 638, 'ATIVONA', 0.9897097945213318, 15]
[902, 619, 945, 636, 'ONAL', 0.7386664748191833, 12]
[749, 23, 936, 38, 'AEDUCATIVONACIONA', 0.5116499066352844, 11]
[952, 21, 1189, 41, 'STDALDUCANVONCON', 0.2765145003795624, 15]
[33, 43, 283, 64, 'STBADUCANONACON', 0.30962860584259033, 15]
[36, 68, 72, 85, 'VON', 0.974973201751709, 12]
[72, 64, 153, 87, 'IACIONAL', 0.589259922504425, 17]
[162, 68, 268, 83, 'SISTEMAEDU', 0.9591155648231506, 11]
[35, 90, 53, 109, 'IS', 0.6860471963882446, 14]
[104, 102, 157, 122, 'CLAVE', 0.5178734660148621, 15]
[33, 111, 67, 134, 'IVOI', 0.6485902667045593, 17]
[102, 124, 157, 145, 'HUM3301', 0.9990634322166443, 15]
[185, 122, 258, 145, 'HUMANISMO', 0.9938309192657471, 17]
[249, 122, 307, 145, 'CLASICOY', 0.9632869362831116, 17]
[298, 122, 411, 145, 'YCONTEMPORANEO', 0.860628604888916, 17]
[31, 134, 68, 156, 'ISTE', 0.9988013505935669, 16]
[99, 139, 161, 160, 'ECUG0349', 0.8002690076828003, 15]
[189, 141, 238, 160, 'TALLERI', 0.6055613160133362, 14]
[234, 141, 298, 156, 'ACTIVIDADF', 0.941412627696991, 11]
[288, 139, 360, 160, 'FORMATIVA', 0.5971766710281372, 15]
[354, 143, 367, 154, 'A', 0.9998522996902466, 8]
[31, 156, 70, 179, 'IVON', 0.8355879783630371, 17]
[106, 158, 155, 173, 'LDR3301', 0.9997897744178772, 11]
[189, 158, 253, 173, 'LIDERAZGO', 0.9158775806427002, 11]
[31, 179, 70, 203, 'ISTE', 0.9971350431442261, 18]
[108, 173, 153, 190, 'QUI3308', 0.9706029891967773, 12]
[187, 171, 251, 192, 'PROCESOS', 0.9977060556411743, 15]
[247, 173, 268, 190, 'DE', 0.9998776912689209, 12]
[262, 171, 343, 192, 'SEPARACIONI', 0.8382750153541565, 15]
[106, 188, 155, 207, 'IND1301', 0.680266261100769, 14]
[189, 188, 228, 205, 'TEMAS', 0.99784255027771, 12]
[223, 186, 287, 207, 'SELECTOS', 0.8279445767402649, 15]
[281, 188, 304, 207, 'DEII', 0.7424951791763306, 14]
[296, 186, 364, 207, 'INGENIERIA', 0.9226194024085999, 15]
[367, 190, 422, 205, 'CIENCIAS', 0.9603196382522583, 11]
[418, 186, 475, 207, 'EXACTAS', 0.9959703683853149, 15]
[33, 205, 68, 222, 'TVOI', 0.5636634230613708, 12]
[108, 205, 153, 222, 'QUI4308', 0.5629882216453552, 12]
[187, 203, 281, 224, 'TRANSFERENCIAL', 0.28560635447502136, 15]
[273, 205, 298, 222, 'DE', 0.9066407084465027, 12]
[292, 205, 334, 222, 'CALOR', 0.9933557510375977, 12]
[31, 226, 70, 250, 'ISTE', 0.9826020002365112, 18]
[108, 222, 155, 237, 'QUI4306', 0.9734564423561096, 11]
[185, 220, 253, 241, 'PROCESOS', 0.9749205112457275, 15]
[247, 220, 268, 239, 'DE', 0.9996981620788574, 14]
[260, 218, 349, 241, 'SEPARACIONI', 0.4444643259048462, 17]
[104, 235, 157, 256, 'IND3302', 0.5801993012428284, 15]
[187, 233, 243, 256, 'ANALISIS', 0.9054558873176575, 17]
[236, 235, 257, 254, 'DE', 0.9910475611686707, 14]
[251, 235, 322, 256, 'DECISIONES', 0.9928203225135803, 15]
[31, 248, 70, 273, 'IVON', 0.9587666392326355, 18]
[106, 254, 155, 269, 'QUI3310', 0.9946818947792053, 11]
[185, 250, 287, 271, 'ELECTROQUIMICA', 0.8725578784942627, 15]
[31, 271, 70, 295, 'ISTE', 0.9954578876495361, 18]
[108, 271, 153, 286, 'QUI3303', 0.9788953065872192, 11]
[187, 267, 243, 288, 'CINÉTICA', 0.47239020466804504, 15]
[238, 267, 307, 288, 'YCATALISIS', 0.9714704155921936, 15]
[334, 275, 388, 290, 'MAEDU', 0.823344886302948, 11]
[428, 276, 439, 288, 'N', 0.6634146571159363, 9]
[445, 276, 458, 288, '0', 0.8199512362480164, 9]
[475, 275, 516, 290, 'ACION', 0.9766481518745422, 11]
[557, 267, 601, 290, '20221', 0.7323933243751526, 17]
[108, 286, 153, 301, 'QUI2308', 0.9904412031173706, 11]
[232, 286, 304, 301, 'ORGANICAII', 0.7545759081840515, 11]
[185, 282, 240, 303, 'QUIMICA', 0.5933741927146912, 15]
[31, 293, 68, 318, 'IVOI', 0.8191831707954407, 18]
[108, 301, 151, 316, 'FIS2301', 0.9298546314239502, 11]
[185, 299, 245, 320, 'DINAMICA', 0.5425199270248413, 15]
[33, 322, 72, 339, 'ISTEL', 0.6764643788337708, 12]
[106, 318, 155, 333, 'SOC2305', 0.8512353897094727, 11]
[185, 316, 292, 337, 'RESPONSABILIDAD:', 0.9057927131652832, 15]
[287, 318, 330, 333, 'SOCIAL', 0.9826303124427795, 11]
[328, 316, 439, 337, 'YSUSTENTABILIDAD', 0.7684087157249451, 15]
[445, 320, 490, 335, 'ONAC', 0.9959350824356079, 11]
[255, 335, 266, 346, 'Y', 0.9467473030090332, 8]
[110, 333, 151, 350, 'QUI4307', 0.9686530232429504, 12]
[187, 333, 223, 350, 'SIMUL', 0.8777307271957397, 12]
[219, 333, 257, 350, 'ACION', 0.6756317019462585, 12]
[262, 331, 343, 352, 'OPTIMIZACIONE', 0.43098652362823486, 15]
[337, 333, 358, 350, 'DE', 0.9995275735855103, 12]
[354, 331, 418, 352, 'PROCESOS', 0.9591706395149231, 15]
[108, 350, 153, 365, 'QUI4305', 0.7458322644233704, 11]
[185, 346, 253, 367, 'INGENIERIA', 0.45329993963241577, 15]
[247, 348, 270, 367, 'DEF', 0.9271067976951599, 14]
[266, 350, 334, 365, 'REACTORES', 0.9997801184654236, 11]
[33, 367, 59, 386, 'IST', 0.9801313281059265, 14]
[52, 367, 72, 384, 'TEl', 0.36159682273864746, 12]
[108, 365, 136, 382, 'QUI43', 0.919560432434082, 12]
[129, 365, 153, 380, '4303', 0.7612200379371643, 11]
[189, 365, 234, 382, 'DISENO', 0.43790581822395325, 12]
[228, 369, 240, 380, 'Y', 0.9776845574378967, 8]
[234, 363, 304, 384, 'SELECCION', 0.4305986762046814, 15]
[296, 365, 320, 382, 'DE', 0.7880495190620422, 12]
[315, 365, 360, 382, 'EQUIPO', 0.882483184337616, 12]
[373, 369, 392, 382, 'u', 0.5256258249282837, 9]
[388, 369, 407, 382, 'JC', 0.4755547046661377, 9]
[411, 367, 437, 382, 'ATIN', 0.8966456651687622, 11]
[467, 367, 524, 382, 'ACION', 0.7587981820106506, 11]
[561, 365, 599, 382, '2022-2', 0.9995421171188354, 12]
[31, 387, 68, 410, 'IVOI', 0.9623793959617615, 17]
[108, 382, 153, 397, 'QUI4301', 0.5974860787391663, 11]
[189, 382, 234, 399, 'CIENCIA', 0.9716821908950806, 12]
[230, 380, 251, 399, 'DE', 0.9950293898582458, 14]
[247, 382, 275, 399, 'LOS', 0.9763833284378052, 12]
[268, 380, 339, 401, 'POLIMEROS', 0.9770128726959229, 15]
[373, 389, 411, 404, 'DNAI', 0.6606627106666565, 11]
[108, 397, 153, 414, 'SIS1301', 0.8303582072257996, 12]
[187, 395, 262, 416, 'ALGORITMOS', 0.9004600048065186, 15]
[264, 395, 360, 416, 'PROGRAMACION', 0.9204063415527344, 15]
[31, 410, 76, 433, 'ISTEN', 0.9467353224754333, 17]
[106, 414, 155, 429, 'EIDI0346', 0.953205406665802, 11]
[189, 414, 260, 429, 'TENDENCIASI', 0.7318810820579529, 11]
[253, 412, 360, 433, 'INTERNACIONALESF', 0.40852341055870056, 15]
[352, 414, 405, 429, 'PARALAI', 0.8989077210426331, 11]
[399, 414, 520, 429, 'PROFESIONALZACION', 0.7489883303642273, 11]
[561, 414, 599, 431, '2023-1', 0.9991835951805115, 12]
[31, 433, 74, 455, 'IVON', 0.8990864753723145, 16]
[106, 431, 153, 446, 'CUL1301', 0.9979403614997864, 11]
[189, 429, 228, 446, 'TEMAS', 0.9987950325012207, 12]
[225, 427, 287, 448, 'SELEÇTOS', 0.563574492931366, 15]
[281, 429, 302, 446, 'DE', 0.9998413324356079, 12]
[300, 429, 343, 446, 'CIENCIA', 0.936810314655304, 12]
[352, 429, 379, 446, 'CULT', 0.9874840378761292, 12]
[375, 429, 405, 446, 'TURA', 0.9936890602111816, 12]
[108, 450, 142, 466, 'INT432', 0.9995644688606262, 12]
[134, 450, 153, 466, '326', 0.9892197251319885, 12]
[185, 440, 257, 461, 'PRACTICUMI', 0.876547634601593, 15]
[251, 442, 277, 461, 'IDEI', 0.9863605499267578, 14]
[270, 440, 337, 461, 'INGENIERIA', 0.9883667826652527, 15]
[330, 440, 386, 461, 'QUIMICA', 0.44966602325439453, 15]
[381, 440, 448, 461, 'INGENIERIAI', 0.6684850454330444, 15]
[443, 442, 465, 461, 'DEF', 0.8725051879882812, 14]
[458, 440, 525, 461, 'PROCESOS', 0.9947891235351562, 15]
[561, 450, 599, 466, '2023-1', 0.9047110080718994, 12]
[187, 453, 247, 474, 'QUiMICOS', 0.6702567934989929, 15]
[185, 466, 247, 487, 'EXTREMOO', 0.7675073146820068, 15]
[238, 466, 292, 487, 'ORIENTE', 0.9987332224845886, 15]
[31, 478, 74, 500, 'TVON', 0.5687755346298218, 16]
[106, 485, 155, 500, 'ADM2302', 0.9999847412109375, 11]
[187, 483, 364, 504, 'APREMOMENIDENIOVACON', 0.2047463357448578, 15]
[31, 502, 74, 525, 'ISTEN', 0.987762451171875, 17]
[106, 502, 153, 517, 'IIND4304', 0.7996810674667358, 11]
[189, 502, 264, 517, 'SEGURIDADE!', 0.4885314106941223, 11]
[255, 498, 349, 519, 'INSTALACIONESI', 0.9477657079696655, 15]
[343, 502, 424, 517, 'INDUSTRIALES', 0.9872227907180786, 11]
[439, 502, 494, 523, 'ONAC', 0.9507911801338196, 15]
[484, 504, 533, 523, 'CIONA', 0.984052300453186, 14]
[559, 498, 601, 521, '2023-2', 0.6121461987495422, 17]
[31, 525, 72, 547, 'IVON', 0.9212203025817871, 16]
[108, 517, 153, 534, 'ING4301', 0.9981139898300171, 12]
[187, 515, 260, 536, 'INNOVACIONT', 0.7501839399337769, 15]
[255, 517, 304, 536, 'TECNOLO', 0.9848183393478394, 14]
[296, 517, 334, 534, 'OGICA', 0.5114743113517761, 12]
[106, 534, 153, 549, 'IIND3301', 0.726818859577179, 11]
[185, 530, 253, 551, 'INGENIERIAF', 0.5715431571006775, 15]
[245, 530, 319, 551, 'FINANCIERA', 0.9645854234695435, 15]
[31, 547, 74, 570, 'ISTEN', 0.9943135976791382, 17]
[106, 549, 155, 568, 'INT4327', 0.9807624220848083, 14]
[185, 547, 262, 568, 'PRACTIÇUMII', 0.5916783213615417, 15]
[257, 549, 279, 566, 'DE', 0.5424398183822632, 12]
[273, 547, 341, 568, 'INGENIERIA', 0.7628239989280701, 15]
[334, 547, 388, 568, 'QUiMICA:', 0.46563205122947693, 15]
[383, 547, 450, 568, 'VIABILIDADI', 0.548427164554596, 15]
[443, 549, 465, 566, 'DE', 0.9996625185012817, 12]
[462, 549, 503, 566, 'PROYEC', 0.9775589108467102, 12]
[503, 549, 531, 566, 'TOS', 0.9832373261451721, 12]
[561, 549, 601, 566, '2023-V', 0.9392232894897461, 12]
[31, 570, 70, 592, 'IVON', 0.9786686301231384, 16]
[108, 566, 153, 581, 'QUI4304', 0.9188393354415894, 11]
[187, 562, 268, 583, 'ENERGÉTIÇOS', 0.5098382830619812, 15]
[307, 572, 366, 592, 'VONAC', 0.6321272850036621, 15]
[364, 570, 416, 592, 'IONAL', 0.9981622099876404, 16]
[108, 581, 153, 596, 'QUI4302', 0.9173595309257507, 11]
[189, 579, 232, 596, 'DISENO', 0.9134282469749451, 12]
[228, 579, 249, 598, 'DE', 0.8779469132423401, 14]
[243, 579, 302, 600, 'PLANTAS', 0.9988872408866882, 15]
[877, 45, 915, 60, 'AEDI', 0.5378831028938293, 11]
[924, 47, 936, 58, 'C', 0.984769344329834, 8]
[930, 45, 967, 60, 'ATIV', 0.47823891043663025, 11]
[958, 43, 1075, 64, 'VONACIONAL', 0.996567964553833, 15]
[1086, 41, 1189, 64, 'SISTEMAEDU', 0.9783567786216736, 17]
[351, 68, 373, 83, 'CIC', 0.9691183567047119, 11]
[366, 68, 392, 83, 'ON', 0.56109619140625, 11]
[428, 73, 569, 94, 'CERTIFICADO', 0.9710855484008789, 15]
[569, 71, 640, 94, 'TOTAL', 0.9996554851531982, 17]
[640, 71, 676, 94, 'DE', 0.9986951947212219, 17]
[676, 71, 781, 94, 'ESTUDIOS', 0.967674195766449, 17]
[892, 68, 943, 83, 'IONAL', 0.9794014692306519, 11]
[1007, 68, 1058, 83, 'AEDU', 0.4293901026248932, 11]
[1056, 70, 1067, 81, 'C', 0.9735068082809448, 8]
[1101, 66, 1189, 87, '/ONACION', 0.4402046799659729, 15]
[922, 124, 952, 145, '9.00', 0.9887324571609497, 15]
[922, 141, 951, 158, '3.00', 0.9999188184738159, 12]
[1005, 135, 1077, 156, 'CIONAL', 0.6612446308135986, 15]
[1080, 137, 1112, 154, 'SIST', 0.9721015095710754, 12]
[1146, 135, 1189, 152, 'AEDU', 0.9791491627693176, 12]
[922, 156, 952, 177, '6,00', 0.5430724620819092, 15]
[998, 156, 1120, 179, 'MAEDUCATIVO', 0.9295509457588196, 17]
[1141, 156, 1191, 179, 'CION', 0.681144118309021, 17]
[922, 173, 951, 190, '8.00', 0.9913756251335144, 12]
[922, 188, 952, 209, '6.00', 0.9993078708648682, 15]
[996, 179, 1077, 201, 'ACIONAL', 0.9990076422691345, 16]
[1077, 179, 1120, 201, 'SISTE', 0.9991297125816345, 16]
[1141, 179, 1191, 201, 'AEDU', 0.9593797922134399, 16]
[922, 203, 952, 224, '7.00', 0.8164474964141846, 15]
[996, 203, 1124, 226, 'MAEDUCATIVO!', 0.5830557346343994, 17]
[1141, 203, 1191, 226, 'CION', 0.4417226016521454, 17]
[920, 218, 954, 241, '8.00', 0.7821263074874878, 17]
[922, 235, 952, 256, '6.00', 0.9533601403236389, 15]
[994, 226, 1077, 248, 'IACIONAL', 0.6866580247879028, 16]
[1077, 226, 1124, 248, 'SISTE', 0.9988821148872375, 16]
[1137, 226, 1191, 248, 'TAEDU', 0.4492418169975281, 16]
[920, 248, 952, 273, '6.00', 0.7412680983543396, 18]
[992, 248, 1124, 271, 'MAEDUCATIVO!', 0.5242491364479065, 17]
[1133, 248, 1191, 271, 'ACION', 0.6998793482780457, 17]
[922, 269, 952, 286, '6.00', 0.9998301267623901, 12]
[922, 284, 952, 305, '8.00', 0.9228793978691101, 15]
[986, 269, 1078, 297, 'NACIONAL', 0.988077700138092, 21]
[1077, 271, 1124, 295, 'SISTE', 0.9957332015037537, 18]
[922, 301, 951, 318, '9.00', 0.9997754693031311, 12]
[990, 295, 1127, 318, 'EMAEDUCATIVON', 0.694999098777771, 17]
[1133, 295, 1191, 318, 'ACION', 0.5671508312225342, 17]
[922, 316, 952, 337, '6.00', 0.9976383447647095, 15]
[988, 314, 1078, 342, 'NACIONAL', 0.9906744360923767, 21]
[1077, 316, 1125, 340, 'SISTE', 0.7841775417327881, 18]
[1133, 318, 1191, 340, 'MAEDU', 0.6699092984199524, 16]
[922, 333, 951, 350, '6.00', 0.9998112320899963, 12]
[922, 348, 952, 369, '8.00', 0.9440585970878601, 15]
[996, 340, 1124, 363, 'MAEDUCATIVO!', 0.6993395686149597, 17]
[1133, 340, 1191, 363, 'ACION', 0.792851448059082, 17]
[922, 363, 952, 384, '8.00', 0.9498836994171143, 15]
[996, 363, 1077, 386, 'ACIONAL', 0.989512026309967, 17]
[1077, 361, 1124, 386, 'SISTE', 0.9998685121536255, 18]
[1139, 363, 1191, 386, 'AEDU', 0.9737040996551514, 17]
[922, 382, 951, 399, '7.00', 0.999930739402771, 12]
[922, 395, 952, 416, '6.00', 0.9987886548042297, 15]
[992, 384, 1129, 412, 'MAEDUCATIVON', 0.7707182765007019, 21]
[1133, 386, 1191, 408, 'ACION', 0.5542133450508118, 16]
[922, 412, 952, 433, '6.00', 0.9948887228965759, 15]
[994, 410, 1077, 433, 'IACIONAL', 0.6483933925628662, 17]
[1077, 408, 1125, 433, 'SISTE', 0.9998311996459961, 18]
[1137, 410, 1191, 433, 'IAEDU', 0.6385974884033203, 17]
[922, 429, 952, 450, '6.00', 0.9802888631820679, 15]
[922, 450, 951, 466, '9.00', 0.8787712454795837, 12]
[990, 433, 1127, 455, 'EMAEDUCATIVON', 0.6018408536911011, 16]
[1133, 433, 1191, 455, 'ACION', 0.481361448764801, 16]
[994, 455, 1077, 478, 'IACIONAL', 0.7853326797485352, 17]
[922, 468, 952, 489, '6.00', 0.9956954717636108, 15]
[922, 483, 952, 504, '6.00', 0.9971504807472229, 15]
[990, 478, 1127, 500, 'MAEDUCATIVON', 0.5115371346473694, 16]
[1133, 478, 1191, 500, 'ACION', 0.6139900088310242, 16]
[922, 500, 952, 521, '6.00', 0.9282670021057129, 15]
[986, 498, 1078, 527, 'NACIONAL', 0.9980629086494446, 21]
[1077, 500, 1124, 525, 'SISTE', 0.9998356103897095, 18]
[1141, 500, 1191, 523, 'AEDU', 0.9520122408866882, 17]
[922, 515, 952, 536, '6.00', 0.9986108541488647, 15]
[922, 530, 952, 551, '6.00', 0.9944735169410706, 15]
[986, 525, 1125, 547, 'EMAEDUCATIVO!', 0.47523313760757446, 16]
[1135, 521, 1193, 549, 'ACION', 0.6337791085243225, 21]
[922, 549, 951, 566, '9.00', 0.9995983242988586, 12]
[996, 547, 1077, 570, 'ACIONAL', 0.9823670387268066, 17]
[1077, 545, 1124, 570, 'SISTE', 0.9999097585678101, 18]
[1141, 547, 1191, 570, 'AEDU', 0.948103666305542, 17]
[922, 564, 952, 585, '6.00', 0.9995154142379761, 15]
[922, 579, 952, 600, '7.00', 0.9995065927505493, 15]
[1001, 570, 1125, 592, 'MAEDUCATIVOI', 0.4804246425628662, 16]
[1135, 570, 1191, 592, 'ACION', 0.7816351652145386, 16]
[998, 592, 1078, 615, 'ACIONAL', 0.9976535439491272, 17]
[1077, 591, 1122, 615, 'SISTE', 0.9288226366043091, 18]
[1141, 592, 1191, 615, 'AEDU', 0.969302237033844, 17]
[994, 615, 1124, 638, 'MAEDUCATIVO!', 0.6932944059371948, 17]
[1141, 615, 1191, 638, 'CION', 0.565413773059845, 17]
[1156, 90, 1186, 107, 'EDU', 0.9497359395027161, 12]
[1154, 113, 1189, 130, 'ION', 0.956562876701355, 12]
[255, 102, 326, 122, 'NOMBRE', 0.9856268763542175, 15]
[320, 100, 351, 124, 'DE', 0.5902838110923767, 18]
[345, 103, 369, 122, 'LA', 0.9479471445083618, 14]
[366, 102, 463, 122, 'ASIGNATURA', 0.5239332318305969, 15]
[548, 96, 608, 126, 'ACESE', 0.2227286547422409, 22]
[627, 96, 683, 126, 'CASEES', 0.16860726475715637, 22]
[715, 102, 781, 122, 'TIPODE', 0.9333517551422119, 15]
[776, 102, 875, 122, 'ASIGNATURA,', 0.5734110474586487, 15]
[894, 100, 977, 122, 'CRÉDITOS', 0.9955884218215942, 16]
[988, 102, 1124, 122, 'OBSERVACIONES,', 0.6378657817840576, 15]
[1133, 271, 1191, 293, 'MAEDU', 0.8044074773788452, 16]
[33, 344, 65, 361, 'IVO', 0.9047950506210327, 12]
[31, 455, 76, 478, 'ISTEN', 0.9532026052474976, 17]
[108, 468, 151, 485, 'HIS3316', 0.9995700716972351, 12]
[1077, 453, 1125, 478, 'SISTE', 0.9999334812164307, 18]
[1141, 455, 1191, 478, 'AEDU', 0.9438546299934387, 17]
[31, 592, 74, 615, 'ISTEN', 0.9945148229598999, 17]
[31, 615, 70, 638, 'TVON', 0.7514623999595642, 17]
[97, 617, 155, 638, 'IONAL', 0.6815956830978394, 15]
[211, 600, 225, 611, 'AC', 0.7402900457382202, 8]
[253, 600, 272, 613, 'VA', 0.7488008737564087, 9]
[296, 600, 307, 611, '-', 0.6136232018470764, 8]
[326, 598, 337, 609, '-', 0.9896941184997559, 8]
[332, 596, 366, 611, 'MAE', 0.9432369470596313, 11]
[206, 617, 266, 638, 'MAEDU', 0.5673444271087646, 15]
[260, 617, 416, 638, 'CATIVONACIONAL', 0.8808972239494324, 15]
[454, 617, 512, 638, 'EMAED', 0.9853428602218628, 15]
[554, 619, 580, 634, 'TIV', 0.8718845844268799, 11]
[582, 623, 597, 634, ')', 0.20915821194648743, 8]
[31, 638, 70, 662, 'ISTE', 0.9781627058982849, 18]
[95, 639, 172, 660, 'EDUCATI', 0.7951672077178955, 15]
[191, 639, 283, 660, 'NACIONAL', 0.9980992674827576, 15]
[287, 639, 398, 660, 'SISTEMAEDUI', 0.9389169812202454, 15]
[386, 639, 537, 660, 'JCATIVONACIONA', 0.9262645840644836, 15]
[552, 639, 608, 662, 'SISTEM', 0.9949381351470947, 17]
[627, 641, 646, 658, 'ED', 0.9745240807533264, 12]
[653, 641, 689, 658, 'JCAT', 0.9978158473968506, 12]
[714, 639, 813, 660, 'ONACIONAL', 0.6273789405822754, 15]
[815, 639, 885, 662, 'SISTEMA', 0.5934271812438965, 17]
[909, 639, 981, 660, 'UCATIVO', 0.7660053372383118, 15]
[988, 639, 1077, 662, 'NACIONAL', 0.9841331243515015, 17]
[1077, 638, 1120, 662, 'SISTE', 0.9373906850814819, 18]
[1141, 638, 1191, 660, 'AEDU', 0.9912331700325012, 16]
[31, 662, 74, 685, 'IVON', 0.5523914694786072, 17]
[97, 662, 155, 683, 'IONAL', 0.5007725358009338, 15]
[191, 662, 334, 685, 'EMAEDUCATIVON', 0.7817774415016174, 17]
[330, 662, 418, 683, 'NACIONAL', 0.9981308579444885, 15]
[422, 662, 463, 685, 'SISTE', 0.9783815145492554, 17]
[456, 662, 537, 683, 'EMAEDUC', 0.6987212300300598, 15]
[559, 668, 571, 679, '-', 0.8734533786773682, 8]
[565, 666, 610, 683, 'VONA', 0.45643579959869385, 12]
[627, 662, 680, 683, 'IONAL', 0.9330540895462036, 15]
[714, 660, 890, 687, 'TEMAEDUCATVONA', 0.5348466634750366, 20]
[902, 664, 945, 681, 'DNAL', 0.5003697872161865, 12]
[951, 664, 977, 681, 'SIS', 0.9844294786453247, 12]
[986, 662, 1124, 685, 'EMAEDUCATIVO', 0.46855220198631287, 17]
[1141, 662, 1191, 685, 'CION', 0.4842052459716797, 17]
[29, 681, 76, 711, 'ISTEN', 0.954507052898407, 22]
[93, 685, 172, 707, 'EDUCATIN', 0.9469509124755859, 16]
[200, 685, 285, 707, 'IACIONAL', 0.5942565202713013, 16]
[285, 683, 539, 709, 'SSTRNAPCUCAINONACONA', 0.26140478253364563, 19]
[556, 685, 612, 705, 'SISTEM', 0.9556766748428345, 15]
[625, 685, 687, 705, 'EDUCAT', 0.9981207251548767, 15]
[710, 685, 811, 707, 'ONACIONAL', 0.9226978421211243, 16]
[815, 685, 887, 707, 'SISTEMA', 0.997957706451416, 16]
[900, 685, 981, 707, 'DUCATIVO', 0.9759669899940491, 16]
[988, 685, 1077, 707, 'NACIONAL', 0.9956437349319458, 16]
[1077, 685, 1124, 709, 'SISTE', 0.9938244819641113, 18]
[1135, 685, 1191, 707, 'AEDU', 0.3598494827747345, 16]
[31, 707, 78, 732, 'IVON', 0.8884001970291138, 18]
[95, 707, 155, 730, 'IONAL', 0.6784201264381409, 17]
[187, 705, 420, 732, 'EMADUCATVONACONA', 0.3848769962787628, 20]
[422, 709, 533, 730, 'SISTEMAEDUI', 0.5698169469833374, 15]
[550, 707, 603, 730, 'TIVON', 0.5520689487457275, 17]
[597, 713, 608, 724, 'N', 0.5715789198875427, 8]
[633, 711, 676, 726, 'ONAL', 0.9981305003166199, 11]
[714, 705, 890, 732, 'TEMAEDUCATVONA', 0.5950813293457031, 20]
[896, 707, 947, 730, 'ONAL', 0.999171257019043, 17]
[988, 707, 1124, 730, 'EMAEDUCATIVO!', 0.4685021638870239, 17]
[1133, 707, 1191, 730, 'ACION', 0.6157717704772949, 17]
[31, 730, 78, 754, 'ISTEM', 0.678159236907959, 18]
[93, 730, 174, 752, 'EDUCATIM', 0.47796526551246643, 16]
[191, 730, 283, 752, 'NACIONAL', 0.9980149269104004, 16]
[285, 728, 535, 754, 'SSTAAEDUCANONCONA', 0.24325963854789734, 19]
[552, 732, 612, 752, 'SISTEM', 0.9963709115982056, 15]
[625, 732, 691, 752, 'EDUCAT', 0.9989796280860901, 15]
[714, 732, 813, 754, 'NACIONAL', 0.4860449433326721, 16]
[813, 728, 888, 756, 'SISTEMA', 0.9977564215660095, 21]
[900, 730, 984, 752, 'DUCATIVO', 0.5853537321090698, 16]
[986, 728, 1078, 756, 'NACIONAL', 0.9920370578765869, 21]
[1077, 730, 1124, 754, 'SISTE', 0.9933643341064453, 18]
[1131, 728, 1193, 756, 'IAEDU', 0.6587266325950623, 21]
[31, 752, 76, 777, 'IVON', 0.8993029594421387, 18]
[95, 752, 155, 775, 'CIONAL', 0.5213496088981628, 17]
[196, 750, 418, 777, 'MABDUCATVONACONAL', 0.46564608812332153, 20]
[422, 752, 537, 775, 'SISTEMAEDUG', 0.7739959359169006, 17]
[544, 754, 608, 775, 'ATIVON', 0.6653385162353516, 15]
[629, 754, 680, 777, 'IONAL', 0.8483502864837646, 17]
[719, 750, 888, 777, 'EMAEDUCATIVONAC', 0.5780052542686462, 20]
[900, 754, 949, 777, 'ONAL', 0.9962460398674011, 17]
[951, 756, 981, 773, 'SIS', 0.9620859026908875, 12]
[990, 754, 1125, 777, 'MAEDUCATIVO!', 0.5283005833625793, 17]
[1133, 754, 1191, 777, 'ACION', 0.6293690204620361, 17]
[31, 775, 74, 799, 'ISTEN', 0.9932692646980286, 18]
[95, 777, 172, 799, 'EDUCATN', 0.8120521903038025, 16]
[193, 777, 290, 799, 'NACIONAL', 0.6859523057937622, 16]
[283, 775, 539, 801, 'SSTOMAIDUCATMONACONA', 0.349337100982666, 19]
[552, 777, 614, 799, 'SISTEM', 0.8600755929946899, 16]
[625, 777, 695, 799, 'EDUCATI', 0.9580380320549011, 16]
[712, 777, 809, 797, 'ONACIONAL', 0.7475520372390747, 15]
[815, 777, 888, 799, 'SISTEMA', 0.9988697171211243, 16]
[911, 773, 984, 801, 'UCATIVO', 0.731726884841919, 21]
[988, 777, 1077, 799, 'NACIONAL', 0.9993724226951599, 16]
[1077, 777, 1124, 799, 'SISTE', 0.9989809393882751, 16]
[1133, 777, 1191, 799, 'MAEDU', 0.7913253903388977, 16]
[31, 799, 78, 822, 'IVON', 0.6817260980606079, 17]
[95, 799, 155, 822, 'IONAL', 0.8157393336296082, 17]
[191, 799, 268, 822, 'EMAEDU', 0.9781796932220459, 17]
[257, 797, 422, 824, 'JCATIVONACIONAL', 0.6215614080429077, 20]
[422, 799, 525, 822, 'SISTEMAEDU', 0.9875401854515076, 17]
[552, 799, 610, 822, 'TIVONA', 0.7075337171554565, 17]
[629, 801, 674, 818, 'IONAI', 0.8986079692840576, 12]
[715, 797, 888, 824, 'TEMAEDUCATIVONAC', 0.7546110153198242, 20]
[900, 799, 951, 822, 'ONAL', 0.98142009973526, 17]
[952, 803, 981, 820, 'SIS', 0.8627174496650696, 12]
[990, 799, 1125, 822, 'EMAEDUCATIVO!', 0.474209189414978, 17]
[1135, 799, 1191, 822, 'ACION.', 0.5200158953666687, 17]
[31, 822, 74, 846, 'ISTEN', 0.9857240319252014, 18]
[91, 822, 174, 845, 'EDUCATI', 0.5502511858940125, 17]
[191, 822, 230, 845, 'NACI', 0.5048025846481323, 17]
[219, 820, 287, 848, 'CIONAL', 0.7160446047782898, 21]
[287, 820, 539, 846, 'STCMADUCATVONACONN', 0.25082358717918396, 19]
[550, 822, 616, 845, 'SISTEM', 0.9139077067375183, 17]
[631, 826, 672, 841, 'DUC', 0.9921547770500183, 11]
[674, 828, 687, 839, 'Al', 0.3983296751976013, 8]
[710, 822, 811, 845, 'ONACIONAL', 0.784144937992096, 17]
[813, 822, 887, 845, 'SISTEMA', 0.9990009665489197, 17]
[900, 822, 983, 845, 'DUCATIVO', 0.9054272770881653, 17]
[988, 820, 1080, 848, 'NACIONAL', 0.9928308129310608, 21]
[1077, 822, 1124, 846, 'SISTE', 0.9964525699615479, 18]
[1137, 822, 1191, 845, 'IAEDU', 0.5956515073776245, 17]
[31, 845, 78, 869, 'IVON', 0.8902323842048645, 18]
[93, 845, 155, 867, 'CIONAL', 0.9844214916229248, 16]
[189, 843, 420, 869, 'EMAEDUCATVONACONAL', 0.5621432065963745, 19]
[422, 845, 529, 867, 'SISTEMAEDU', 0.9854304790496826, 16]
[554, 846, 620, 867, 'TIVONA', 0.8040734529495239, 15]
[635, 845, 682, 867, 'ONAL', 0.9993269443511963, 16]
[714, 843, 888, 871, 'TEMAEDUCATIVONAC', 0.6117774844169617, 21]
[892, 845, 947, 867, 'IONAL', 0.9953799247741699, 16]
[988, 843, 1129, 871, 'EMAEDUCATIVON', 0.5086471438407898, 21]
[1133, 846, 1191, 869, 'ACION', 0.6330077052116394, 17]
[31, 867, 76, 892, 'ISTEN', 0.9646430015563965, 18]
[87, 867, 172, 890, 'AEDUCATIN', 0.969066858291626, 17]
[191, 869, 287, 892, 'NACIONAL', 0.9851168394088745, 17]
[287, 867, 539, 893, 'SETOMIDUCATMONACONA', 0.40032142400741577, 19]
[569, 871, 614, 888, 'STEM', 0.616152286529541, 12]
[625, 869, 683, 892, 'EDUCA', 0.9096944332122803, 17]
[676, 875, 687, 886, 'A', 0.8497910499572754, 8]
[715, 873, 757, 888, 'NAC', 0.6904749870300293, 11]
[751, 875, 762, 886, '-', 0.9928773045539856, 8]
[755, 869, 813, 892, 'IONAL', 0.9416629672050476, 17]
[811, 865, 888, 893, 'SISTEMA', 0.9944655299186707, 21]
[907, 869, 981, 890, 'DUCATIVO', 0.5285725593566895, 15]
[990, 869, 1078, 892, 'NACIONAL', 0.8676373958587646, 17]
[1077, 867, 1127, 892, 'SISTE', 0.9983396530151367, 18]
[1131, 865, 1193, 893, 'IAEDU', 0.6818875074386597, 21]
[31, 890, 78, 914, 'IVON', 0.8544417023658752, 18]
[93, 892, 155, 914, 'CIONAL', 0.9693053364753723, 16]
[189, 890, 422, 916, 'EMAEDUCATMOACONAL', 0.3357543647289276, 19]
[422, 892, 539, 914, 'SISTEMAEDUG', 0.8733253479003906, 16]
[552, 892, 616, 914, 'TIVONA', 0.6739603281021118, 16]
[631, 893, 680, 912, 'ONAL', 0.9971645474433899, 14]
[714, 890, 896, 916, 'TEMAEDUCATIVONA4', 0.6443581581115723, 19]
[896, 892, 951, 914, 'ONAL', 0.9536314010620117, 16]
[990, 892, 1127, 914, 'MAEDUCATIVON', 0.6115278601646423, 16]
[1133, 892, 1193, 914, 'ACIONI', 0.724250853061676, 16]
[31, 914, 74, 937, 'ISTEN', 0.9915270209312439, 17]
[87, 914, 172, 937, 'AEDUCATIN', 0.5264706015586853, 17]
[193, 914, 285, 937, 'NACIONAL', 0.7528853416442871, 17]
[287, 912, 541, 939, 'STAMADUCATMONACONA', 0.39439257979393005, 20]
[554, 916, 612, 937, 'SISTEM', 0.9933566451072693, 15]
[629, 914, 693, 937, 'EDUCAT', 0.9399142861366272, 17]
[710, 914, 813, 937, 'ONACIONAL', 0.9938534498214722, 17]
[815, 914, 894, 937, 'SISTEMA', 0.5288861989974976, 17]
[892, 914, 981, 937, 'EDUCATIVO', 0.6585642099380493, 17]
[990, 914, 1077, 937, 'NACIONAL', 0.9783494472503662, 17]
[1078, 914, 1127, 937, 'SISTE', 0.9996412992477417, 17]
[1135, 914, 1191, 937, 'MAEDU', 0.587526798248291, 17]
[31, 937, 74, 959, 'IVON', 0.8345266580581665, 16]
[93, 937, 155, 959, 'CIONAL', 0.9824092388153076, 16]
[189, 935, 367, 961, 'TEMAEDUCATIVONAC', 0.660121738910675, 19]
[364, 937, 422, 959, 'IONAL', 0.9466055035591125, 16]
[422, 937, 529, 959, 'SISTEMAEDU', 0.998515784740448, 16]
[554, 937, 604, 959, 'TIVON', 0.7589966058731079, 16]
[633, 937, 682, 959, 'ONAL', 0.996647298336029, 16]
[715, 935, 892, 961, 'TEMAEDUCATVONA', 0.8270262479782104, 19]
[900, 937, 951, 959, 'ONAL', 0.9272230267524719, 16]
[990, 937, 1127, 959, 'MAEDUCATIVON', 0.5074076056480408, 16]
[1135, 937, 1191, 959, 'ACION', 0.6059172749519348, 16]
[31, 959, 74, 984, 'ISTEN', 0.9871358275413513, 18]
[87, 959, 174, 982, 'AEDUCATIN', 0.5233882069587708, 17]
[187, 959, 285, 982, 'NACIONAL', 0.7545825242996216, 17]
[287, 957, 531, 984, 'SSTEBMAEDNCATIVONACON', 0.27796241641044617, 20]
[561, 963, 603, 980, 'ISTEN', 0.5857142806053162, 12]
[629, 959, 691, 982, 'EDUCAT', 0.9982888102531433, 17]
[712, 961, 811, 984, 'ONACIONAL', 0.6482827663421631, 17]
[815, 959, 883, 982, 'SISTEMA', 0.998289167881012, 17]
[900, 961, 981, 982, 'DUCATIVO', 0.9108455777168274, 15]
[988, 957, 1078, 986, 'NACIONAL', 0.9429488778114319, 21]
[1077, 959, 1127, 984, 'SISTE', 0.9993040561676025, 18]
[1133, 959, 1191, 982, 'MAEDU', 0.8653608560562134, 17]
[31, 1004, 74, 1029, 'ISTEN', 0.8330416679382324, 18]
[87, 1006, 176, 1029, 'AEDUCATIV', 0.6021202206611633, 17]
[189, 1006, 285, 1029, 'NACIONAL', 0.9967840909957886, 17]
[285, 1004, 535, 1031, 'SSTBMAEDUCATONACONA', 0.26394376158714294, 20]
[550, 1006, 612, 1029, 'SISTEM', 0.999305009841919, 17]
[623, 1006, 695, 1027, 'EDUCATI', 0.8521037697792053, 15]
[710, 1006, 811, 1029, 'ONACIONAL', 0.9968795776367188, 17]
[813, 1006, 887, 1029, 'SISTEMA', 0.9741859436035156, 17]
[900, 1006, 981, 1029, 'DUCATIVO', 0.8921182751655579, 17]
[990, 1006, 1078, 1029, 'NACIONAL', 0.9731646180152893, 17]
[1077, 1004, 1127, 1029, 'SISTE', 0.9994162321090698, 18]
[1133, 1006, 1191, 1029, 'MAEDU', 0.8721385598182678, 17]
[31, 1029, 78, 1051, 'IVON', 0.7044007778167725, 16]
[93, 1029, 155, 1051, 'CIONAL', 0.9844069480895996, 16]
[189, 1027, 422, 1053, 'EMAEDUCATVONACONAL', 0.35750794410705566, 19]
[424, 1029, 533, 1050, 'SISTEMAEDU', 0.6317341327667236, 15]
[556, 1029, 621, 1051, 'TIVONA', 0.6000221371650696, 16]
[623, 1029, 682, 1051, 'CIONAL', 0.7354893684387207, 16]
[704, 1027, 888, 1053, 'STEMAEDUCATVONAG', 0.8433416485786438, 19]
[900, 1029, 949, 1051, 'ONAL', 0.9940715432167053, 16]
[990, 1029, 1125, 1051, 'EMAEDUCATIVO!', 0.4945434331893921, 16]
[1137, 1029, 1191, 1051, 'ACION.', 0.5249153971672058, 16]
[31, 1050, 74, 1074, 'ISTEN', 0.9953383207321167, 18]
[87, 1051, 174, 1074, 'AEDUCATIN', 0.7012245655059814, 17]
[187, 1051, 285, 1074, 'NACIONAL', 0.8636226654052734, 17]
[287, 1050, 535, 1076, 'STEMAEDUCATNONACONA', 0.21276497840881348, 19]
[548, 1051, 601, 1074, 'SISTEI', 0.8461660742759705, 17]
[620, 1048, 693, 1076, 'EDUCAT', 0.9229645729064941, 21]
[712, 1051, 813, 1074, 'ONACIONAL', 0.6488246321678162, 17]
[813, 1051, 887, 1074, 'SISTEMA', 0.9992073178291321, 17]
[900, 1053, 977, 1074, 'DUCATIVO', 0.5578852891921997, 15]
[990, 1051, 1077, 1074, 'NACIONAL', 0.994045078754425, 17]
[1077, 1051, 1124, 1074, 'SISTE', 0.9998743534088135, 17]
[1137, 1051, 1191, 1074, 'IAEDU', 0.7954875826835632, 17]
[31, 1097, 74, 1121, 'ISTEN', 0.9746038317680359, 18]
[87, 1098, 172, 1121, 'AEDUCATIN', 0.7484230995178223, 17]
[189, 1098, 285, 1119, 'NACIONAL', 0.9987263083457947, 15]
[288, 1098, 533, 1119, 'STOADUCATNONCON', 0.31454241275787354, 15]
[557, 1100, 601, 1117, 'SISTEI', 0.566859245300293, 12]
[629, 1098, 691, 1119, 'EDUCAT', 0.9901661276817322, 15]
[712, 1098, 813, 1119, 'ONACIONAL', 0.772467315196991, 15]
[811, 1095, 887, 1123, 'SISTEMA', 0.9821823239326477, 21]
[909, 1098, 979, 1119, 'UCATIVO', 0.9716842174530029, 15]
[994, 1098, 1078, 1121, 'IACIONAL', 0.6760727763175964, 17]
[1077, 1097, 1124, 1121, 'SISTE', 0.9977911710739136, 18]
[1142, 1100, 1191, 1119, 'AEDU', 0.8394173383712769, 14]
[31, 1119, 76, 1144, 'IVON', 0.9843644499778748, 18]
[93, 1121, 155, 1144, 'CIONAL', 0.9622316956520081, 17]
[191, 1119, 420, 1145, 'EMAEDUCATVONACONAL', 0.5771756172180176, 19]
[422, 1121, 539, 1144, 'SISTEMAEDUG', 0.9785284399986267, 17]
[542, 1121, 620, 1144, 'ATIVONA', 0.9617070555686951, 17]
[625, 1121, 682, 1144, 'IONAL', 0.6952636241912842, 17]
[704, 1119, 892, 1145, 'TEMAEDUCATVONA', 0.5104883313179016, 19]
[900, 1121, 951, 1144, 'ONAL', 0.9893709421157837, 17]
[949, 1121, 983, 1144, 'SIS', 0.9505455493927002, 17]
[994, 1121, 1124, 1144, 'MAEDUCATIVO!', 0.582923173904419, 17]
[1141, 1121, 1191, 1144, 'CION', 0.4325100779533386, 17]
[31, 1144, 74, 1168, 'ISTEN', 0.9925965070724487, 18]
[91, 1144, 172, 1166, 'EDUCATIN', 0.5360138416290283, 16]
[191, 1144, 285, 1166, 'NACIONAL', 0.9978534579277039, 16]
[287, 1142, 497, 1168, 'S5TEMAEDUCATVONAC', 0.810333251953125, 19]
[494, 1145, 535, 1162, 'ONA', 0.7610509395599365, 12]
[550, 1144, 618, 1164, 'SISTEMA', 0.9990659356117249, 15]
[623, 1144, 676, 1166, 'EDUCA', 0.4307677447795868, 16]
[674, 1149, 687, 1160, 'Al', 0.23867826163768768, 8]
[708, 1144, 811, 1166, 'ONACIONAL', 0.9814163446426392, 16]
[815, 1144, 890, 1166, 'SISTEMA', 0.9993763566017151, 16]
[905, 1144, 984, 1166, 'DUCATIVO', 0.7354275584220886, 16]
[990, 1144, 1077, 1166, 'NACIONAL', 0.9894193410873413, 16]
[1077, 1144, 1124, 1168, 'SISTE', 0.9920444488525391, 18]
[1133, 1144, 1191, 1166, 'MAEDU', 0.698527991771698, 16]
[33, 1166, 78, 1191, 'IVON', 0.5092772245407104, 18]
[95, 1166, 153, 1189, 'IONAL', 0.518170952796936, 17]
[194, 1168, 418, 1189, 'MAEDUCAIVONACONAL', 0.5918495655059814, 15]
[422, 1168, 533, 1189, 'SISTEMAEDU', 0.6444626450538635, 15]
[544, 1166, 612, 1189, 'ATIVONA', 0.8839831948280334, 17]
[625, 1166, 682, 1189, 'IONAL', 0.7947681546211243, 17]
[702, 1164, 890, 1191, 'STEMAEDUCATVONAZ', 0.5628589391708374, 20]
[902, 1166, 949, 1189, 'ONAL', 0.9048652052879333, 17]
[988, 1166, 1127, 1189, 'EMAEDUCATIVON', 0.7771202921867371, 17]
[1133, 1166, 1191, 1189, 'ACION', 0.6394652128219604, 17]
[31, 1189, 78, 1213, 'ISTEM', 0.9735404849052429, 18]
[95, 1189, 172, 1211, 'EDUCATN', 0.503781259059906, 16]
[193, 1189, 285, 1211, 'NACIONAL', 0.9993071556091309, 16]
[285, 1187, 501, 1213, 'SSTEMAEDUCATVONAC', 0.5000923871994019, 19]
[494, 1192, 531, 1209, 'IONA', 0.5834037065505981, 12]
[559, 1194, 578, 1208, 'IS', 0.9255739450454712, 10]
[576, 1192, 603, 1208, 'TEN', 0.9424509406089783, 12]
[627, 1192, 676, 1211, 'EDUCA', 0.7764633297920227, 14]
[670, 1194, 689, 1208, 'AT', 0.8056496381759644, 10]
[712, 1189, 813, 1211, 'ONACIONAL', 0.6523241400718689, 16]
[813, 1189, 888, 1211, 'SISTEMA', 0.9980736970901489, 16]
[909, 1191, 983, 1211, 'UCATIVO', 0.5846637487411499, 15]
[988, 1189, 1077, 1211, 'NACIONAL', 0.998196542263031, 16]
[1077, 1191, 1124, 1213, 'SISTE', 0.9994526505470276, 16]
[1137, 1189, 1191, 1211, 'IAEDU', 0.7901903390884399, 16]
[35, 1285, 53, 1302, 'S', 0.8204869627952576, 12]
[76, 1275, 106, 1303, 'El', 0.6870614290237427, 21]
[102, 1277, 187, 1305, 'presente', 0.8314304947853088, 21]
[189, 1279, 285, 1300, 'certificado', 0.9026315212249756, 15]
[287, 1279, 360, 1300, 'TOTAL', 0.892023503780365, 15]
[360, 1281, 433, 1303, 'ampara', 0.9958264231681824, 16]
[433, 1277, 463, 1302, '60', 0.9999873638153076, 18]
[463, 1281, 571, 1303, 'asignaturas', 0.9899937510490417, 16]
[573, 1277, 603, 1302, 'de', 0.9968448877334595, 18]
[603, 1283, 631, 1300, 'un', 0.9961971044540405, 12]
[629, 1279, 676, 1302, 'total', 0.9962270259857178, 17]
[674, 1277, 706, 1302, 'de', 0.9987509250640869, 18]
[704, 1277, 734, 1302, '60', 0.9998272061347961, 18]
[734, 1279, 840, 1300, 'obteniendo', 0.9822960495948792, 15]
[840, 1283, 868, 1300, 'un', 0.9915440082550049, 12]
[870, 1279, 958, 1302, 'promedio', 0.9999232292175293, 17]
[958, 1277, 988, 1302, 'de', 0.9987637996673584, 18]
[986, 1277, 1039, 1300, '9.62.', 0.8211619853973389, 17]
[1039, 1277, 1069, 1302, 'La', 0.9109880924224854, 18]
[1069, 1279, 1133, 1300, 'escala', 0.9975211024284363, 15]
[1146, 1281, 1188, 1303, 'AEDU', 0.9730350375175476, 16]
[33, 1371, 67, 1396, 'ISTE', 0.9997062087059021, 18]
[78, 1369, 119, 1394, 'Las', 0.95773845911026, 18]
[119, 1371, 211, 1394, 'presentes', 0.997448205947876, 17]
[211, 1371, 319, 1394, 'asignaturas', 0.9903934597969055, 17]
[320, 1371, 420, 1392, 'conforman', 0.6255024075508118, 15]
[420, 1373, 446, 1392, 'un', 0.994523286819458, 14]
[446, 1369, 492, 1392, 'total', 0.9935582280158997, 17]
[492, 1371, 518, 1390, 'de', 0.9780439734458923, 14]
[518, 1369, 586, 1392, '409.00', 0.9883865714073181, 17]
[586, 1371, 661, 1392, 'créditos', 0.9365920424461365, 15]
[661, 1371, 691, 1392, 'der', 0.6667412519454956, 15]
[687, 1375, 715, 1392, 'un', 0.9998061060905457, 12]
[715, 1371, 787, 1392, 'minimo', 0.9526394605636597, 15]
[787, 1371, 813, 1390, 'de', 0.9998816251754761, 14]
[813, 1369, 881, 1392, '403.00', 0.9998865127563477, 17]
[881, 1371, 956, 1392, 'créditos', 0.9979549646377563, 15]
[956, 1369, 1062, 1397, 'requeridos.', 0.4868607521057129, 21]
[1082, 1373, 1188, 1394, 'SISTEMAEDU', 0.9825965166091919, 15]
[33, 1488, 155, 1510, 'VONACIONAL', 0.798107385635376, 16]
[159, 1488, 292, 1508, 'SISTEMAEDUCA', 0.9972748160362244, 15]
[309, 1484, 1131, 1510, 'MMAAMAGDMAMEKIEMENEPANMAsByAgKaNNARUDAAcONANpaREoyVDAMIUmAuMONaSN', 0.1330580860376358, 19]
[1157, 1493, 1169, 1505, 'C', 0.9314360618591309, 9]
[31, 1508, 285, 1535, 'TOMAKDUCATMONACONI', 0.16211798787117004, 20]
[313, 1503, 1127, 1523, 'OOFDIPD*3mSPSKCCLACCla-TOMAS9EMPFmOWBNpThRMFESDNBQAEIwOrtegosadb.NwTVPEEIUICICOQNFIOPAZ', 0.17092035710811615, 15]
[1157, 1516, 1172, 1527, '-', 0.8187147378921509, 8]
[33, 1580, 155, 1602, 'VONACIONAL', 0.8409374356269836, 16]
[159, 1580, 304, 1601, 'SISTEMAEDUCATI', 0.8550876379013062, 15]
[309, 1574, 379, 1595, 'Autoridad', 0.9237942695617676, 15]
[373, 1574, 435, 1595, 'DREOE:', 0.9985665678977966, 15]
[433, 1576, 482, 1595, 'ANAHI', 0.9981338381767273, 14]
[482, 1576, 525, 1591, 'URIOS', 0.997217059135437, 11]
[520, 1578, 531, 1589, 'S1', 0.8245172500610352, 8]
[525, 1576, 571, 1591, 'TEGUI', 0.999935507774353, 11]
[573, 1576, 663, 1591, 'HERNANDEZ', 0.9970864653587341, 11]
[687, 1580, 949, 1601, 'SISTEMAEDUCATIVONACIONAL', 0.5607039928436279, 15]
[949, 1580, 1188, 1601, 'SSTIMAEDUCATVONICON', 0.37632614374160767, 15]
[31, 982, 76, 1006, 'IVON', 0.9204254746437073, 18]
[91, 980, 157, 1008, 'CIONAL', 0.9948058724403381, 21]
[191, 984, 416, 1004, 'EMALDUCATVONACONA', 0.38651302456855774, 15]
[422, 984, 541, 1006, 'SISTEMAEDU4', 0.29574641585350037, 16]
[552, 984, 616, 1006, 'TIVONA', 0.917102575302124, 16]
[627, 984, 682, 1004, 'IONAL', 0.9705473780632019, 15]
[706, 982, 888, 1008, 'TEMAEDUCATVONAG', 0.6552140116691589, 19]
[902, 986, 947, 1002, 'DNAL', 0.5790271162986755, 12]
[31, 1074, 74, 1098, 'IVON', 0.9396777749061584, 18]
[93, 1074, 155, 1097, 'CIONAL', 0.9848549962043762, 17]
[191, 1076, 418, 1097, 'BMALDUCAINONACONA', 0.3585875630378723, 15]
[424, 1074, 533, 1097, 'SISTEMAEDUI', 0.5964468717575073, 17]
[550, 1076, 608, 1097, 'TIVON', 0.8053821325302124, 15]
[629, 1076, 682, 1097, 'IONAL', 0.9631655216217041, 15]
[712, 1076, 888, 1097, 'TEMAEDUCATIVONA', 0.4596743881702423, 15]
[902, 1078, 947, 1095, 'ONAL', 0.5788338780403137, 12]
[990, 984, 1127, 1006, 'MAEDUCATIVON', 0.6111291646957397, 16]
[1133, 984, 1191, 1006, 'ACION', 0.5430237054824829, 16]
[994, 1076, 1124, 1097, 'MAEDUCATIVO!', 0.5388777852058411, 15]
[1141, 1074, 1191, 1097, 'CION', 0.5415602326393127, 17]
[33, 1211, 72, 1234, 'IVON', 0.9511260986328125, 17]
[38, 1241, 52, 1253, '5', 0.823502779006958, 9]
[198, 1211, 262, 1234, 'EMAEDU', 0.8525846004486084, 17]
[275, 1215, 304, 1230, 'ATI', 0.9925861954689026, 11]
[320, 1215, 366, 1232, 'ONAC', 0.6045438647270203, 12]
[366, 1213, 418, 1234, 'ONAL', 0.9912505149841309, 15]
[456, 1215, 482, 1230, 'EM', 0.999437153339386, 11]
[635, 1217, 646, 1228, '0', 0.862342357635498, 8]
[640, 1215, 676, 1230, 'ONAL', 0.5266717076301575, 11]
[712, 1213, 736, 1230, 'TEI', 0.7561183571815491, 12]
[744, 1215, 776, 1230, 'AED', 0.6917219161987305, 11]
[1007, 1217, 1020, 1228, '1A', 0.33224886655807495, 8]
[1144, 1215, 1188, 1232, 'CION', 0.9993109703063965, 12]
[1150, 1260, 1171, 1277, 'CIC', 0.3886087238788605, 12]
[1105, 1305, 1186, 1326, 'ONACION', 0.9960293769836426, 15]
[240, 1238, 268, 1255, 'ONA', 0.5701097846031189, 12]
[262, 1241, 273, 1253, 'A', 0.928641676902771, 9]
[198, 1354, 213, 1366, 'N', 0.9305756092071533, 9]
[209, 1354, 236, 1369, 'MAE', 0.9331756234169006, 11]
[285, 1352, 311, 1369, 'ATIV', 0.7944429516792297, 12]
[324, 1352, 345, 1369, 'N/', 0.9360736608505249, 12]
[337, 1354, 360, 1369, 'AC', 0.7260974049568176, 11]
[196, 1399, 223, 1416, 'EM', 0.9039155840873718, 12]
[217, 1401, 228, 1413, 'A', 0.997869610786438, 9]
[270, 1399, 307, 1416, 'CATI', 0.927716076374054, 12]
[345, 1401, 356, 1413, 'AC', 0.8117842078208923, 9]
[418, 1239, 445, 1255, 'TIV', 0.5390012860298157, 12]
[35, 1307, 63, 1324, 'IVO', 0.9807509183883667, 12]
[76, 1300, 108, 1324, 'de', 0.8743113279342651, 18]
[108, 1300, 232, 1322, 'calificaciones', 0.7262480854988098, 16]
[232, 1305, 262, 1322, 'es', 0.9938485026359558, 12]
[260, 1300, 290, 1324, 'de', 0.8586587905883789, 18]
[288, 1302, 309, 1324, '5', 0.9965807795524597, 16]
[305, 1302, 326, 1324, 'a', 0.9949012994766235, 16]
[324, 1300, 354, 1324, '10', 0.9998533725738525, 18]
[352, 1302, 371, 1326, 'y', 0.8083928823471069, 18]
[367, 1300, 394, 1326, 'la', 0.6010021567344666, 19]
[392, 1302, 463, 1322, 'minima', 0.9753769040107727, 15]
[465, 1302, 571, 1324, 'aprobatoria', 0.9733423590660095, 16]
[573, 1305, 601, 1322, 'es', 0.9512777924537659, 12]
[599, 1300, 629, 1324, 'de', 0.999842643737793, 18]
[629, 1300, 683, 1326, '6.00.', 0.9919247031211853, 19]
[909, 1311, 924, 1322, 'N', 0.5308809280395508, 8]
[33, 1328, 178, 1349, 'STEMAEDUCATM', 0.5243500471115112, 15]
[194, 1328, 283, 1349, 'NACIONAL', 0.9994381070137024, 15]
[324, 1330, 366, 1347, 'EMAE', 0.9952711462974548, 12]
[33, 1350, 72, 1373, 'IVON', 0.9891007542610168, 17]
[74, 1352, 117, 1369, 'ACIO', 0.9903026223182678, 12]
[33, 1396, 127, 1418, 'IVONACION', 0.8000474572181702, 16]
[119, 1399, 153, 1416, 'NAL', 0.9973700046539307, 12]
[33, 1420, 179, 1441, 'STEMAEDUCATM', 0.5269827246665955, 15]
[209, 1424, 221, 1435, 'AC', 0.8842653632164001, 8]
[213, 1420, 283, 1441, 'CIONAL', 0.9837401509284973, 15]
[31, 1439, 157, 1467, 'IVONACIONAL', 0.6933526992797852, 21]
[164, 1446, 176, 1458, '5', 0.7364471554756165, 9]
[172, 1446, 183, 1458, 'S', 0.9075852632522583, 9]
[179, 1446, 191, 1458, '5T', 0.44331595301628113, 9]
[187, 1446, 198, 1458, '-', 0.4117054343223572, 9]
[194, 1446, 206, 1458, 'E', 0.7905471324920654, 9]
[430, 1334, 443, 1345, 'V', 0.9918627738952637, 8]
[469, 1328, 546, 1349, 'ACIONAL', 0.998516857624054, 15]
[465, 1352, 501, 1369, 'MAE', 0.9018173813819885, 12]
[465, 1399, 505, 1414, 'MAE', 0.8965723514556885, 11]
[657, 1332, 685, 1347, 'CA', 0.9723221063613892, 11]
[712, 1334, 725, 1345, ')', 0.4428960084915161, 8]
[719, 1332, 753, 1347, 'NAC', 0.9965901374816895, 11]
[764, 1330, 806, 1347, 'ONAL', 0.9996050000190735, 12]
[631, 1352, 680, 1371, 'ONAL', 0.644051194190979, 14]
[608, 1397, 683, 1418, 'ACIONAL', 0.6644233465194702, 15]
[945, 1332, 967, 1347, 'V', 0.36106061935424805, 11]
[975, 1332, 1016, 1347, 'ONAC', 0.5195070505142212, 11]
[1022, 1328, 1075, 1350, 'IONAL', 0.748809814453125, 16]
[1080, 1328, 1186, 1349, 'SISTEMAEDU', 0.9963429570198059, 15]
[902, 1352, 941, 1369, 'ONAL', 0.744596004486084, 12]
[975, 1352, 1003, 1369, 'TEN', 0.9799937009811401, 12]
[1020, 1350, 1075, 1371, 'EDUC', 0.9255582094192505, 15]
[1078, 1350, 1189, 1371, 'TIVONACION', 0.5917094349861145, 15]
[841, 1399, 873, 1416, 'ON', 0.7073165774345398, 12]
[915, 1399, 949, 1416, 'NAL', 0.9633436799049377, 12]
[954, 1399, 988, 1416, 'SIST', 0.9983654618263245, 12]
[998, 1397, 1082, 1418, 'MAEDUCA', 0.9970678687095642, 15]
[1101, 1397, 1191, 1418, '/ONACION.', 0.4913618862628937, 15]
[552, 1401, 563, 1413, '-', 0.7152727842330933, 9]
[742, 1399, 783, 1416, 'MAED', 0.3811371922492981, 12]
[670, 1420, 811, 1441, 'ATIVONACIONAL', 0.7069330811500549, 15]
[815, 1420, 992, 1441, 'SSTEMAEDUCATIVON', 0.5380026698112488, 15]
[981, 1420, 1075, 1441, 'NACIONAL', 0.9646939039230347, 15]
[1080, 1418, 1189, 1441, 'SISTEMAEDU', 0.997931718826294, 17]
[712, 1443, 849, 1463, 'TEMAEDUCATIVG', 0.5146340727806091, 15]
[840, 1444, 862, 1461, 'ON', 0.9183350801467896, 12]
[862, 1443, 949, 1463, 'NACIONAL', 0.8524299263954163, 15]
[951, 1443, 1067, 1463, 'SISTEMAEDUG', 0.8674454092979431, 15]
[1060, 1446, 1071, 1458, 'C', 0.9925859570503235, 9]
[1063, 1443, 1188, 1463, 'CATIVONACION', 0.9515119194984436, 15]
[753, 1467, 802, 1482, 'IONAI', 0.6940644979476929, 11]
[832, 1465, 1073, 1486, 'TOMACDUCATNONACONA', 0.3060902953147888, 15]
[1080, 1465, 1165, 1486, 'SISTEMAE', 0.9805865287780762, 15]
[1157, 1471, 1169, 1482, '-L', 0.5729070901870728, 8]
[727, 1557, 808, 1578, 'VACIONAL', 0.834731936454773, 15]
[815, 1557, 924, 1578, 'SISTEMAEDU', 0.9947280287742615, 15]
[917, 1557, 1077, 1578, 'CATIVONACIONAL', 0.8969412446022034, 15]
[1077, 1557, 1184, 1578, 'SISTEMAEDU', 0.9989566802978516, 15]
[311, 1433, 409, 1456, 'Representante', 0.9976420402526855, 17]
[409, 1435, 445, 1452, 'IPES:', 0.9769681692123413, 12]
[445, 1433, 527, 1454, 'APOLONIA', 0.7794354557991028, 15]
[524, 1437, 580, 1452, 'ARCOS', 0.8809489011764526, 11]
[580, 1437, 653, 1452, 'BARREDA', 0.9766365885734558, 11]
[311, 1452, 337, 1471, 'No.', 0.9984941482543945, 14]
[334, 1450, 407, 1473, 'certificado', 0.9931121468544006, 17]
[403, 1452, 486, 1475, 'responsable', 0.9995536208152771, 17]
[486, 1454, 524, 1471, 'IPES:', 0.9996246099472046, 12]
[527, 1454, 565, 1469, '00001', 0.9995657801628113, 11]
[559, 1454, 646, 1469, '10000007016:', 0.937021791934967, 11]
[638, 1454, 683, 1469, '558718', 0.7184269428253174, 11]
[33, 1465, 283, 1486, 'STBAKDUCANONACON', 0.29354026913642883, 15]
[311, 1469, 351, 1492, 'Sello', 0.9126166701316833, 17]
[347, 1473, 390, 1490, 'digital', 0.9994957447052002, 12]
[384, 1469, 469, 1492, 'responsable', 0.995794415473938, 17]
[465, 1469, 510, 1492, 'IPES', 0.3496866524219513, 17]
[33, 1533, 155, 1555, 'VONACIONAL', 0.8268779516220093, 16]
[159, 1535, 300, 1555, 'SISTEMAEDUCAT', 0.9879680871963501, 15]
[313, 1535, 509, 1555, 'eNCHUO/OAAchVD.w', 0.24206405878067017, 15]
[501, 1537, 524, 1552, '8d.', 0.9857730269432068, 11]
[516, 1535, 584, 1555, 'JJBNvwK', 0.48147356510162354, 15]
[311, 1520, 373, 1540, 'xurF7Zx1', 0.9912181496620178, 15]
[366, 1520, 480, 1540, '1npCRIG2BjmfQ:', 0.5352909564971924, 15]
[494, 1522, 612, 1537, '3nZpKomXgz9KL', 0.8877241611480713, 11]
[614, 1518, 729, 1539, 'ackB5+XEQABF', 0.5598227977752686, 15]
[723, 1520, 1124, 1540, '43ng3lgBmFarvgonslyato-xowymg-FawPLD.03Y2E', 0.23661619424819946, 15]
[279, 1629, 300, 1646, 'AT', 0.9990167617797852, 12]
[309, 1623, 582, 1650, 'aCICMEeA', 0.07246235758066177, 20]
[595, 1631, 606, 1642, 'g', 0.6285491585731506, 8]
[601, 1629, 638, 1644, 'gzkB+', 0.9817402362823486, 11]
[631, 1629, 751, 1644, '+7HYH2ofhhafA3', 0.5175656676292419, 11]
[746, 1631, 757, 1642, 'LI', 0.874142587184906, 8]
[766, 1629, 864, 1644, 'QAjL5QP/Mx2', 0.9429575800895691, 11]
[858, 1631, 870, 1642, 'C', 0.9084529280662537, 8]
[864, 1629, 969, 1644, 'Cpbf38Yuask2', 0.40410491824150085, 11]
[962, 1629, 1129, 1644, 'KCFKIVUImMMIZBID20R', 0.49044474959373474, 11]
[1141, 1629, 1186, 1644, 'CION', 0.6061609983444214, 11]
[317, 1650, 328, 1661, 'o', 0.8012449741363525, 8]
[320, 1644, 917, 1665, 'PAC6r-MaUSa3IXX3ASRVDeIZveDmEagomCmseTPMYTDA93FMUEXom', 0.14073972404003143, 15]
[934, 1646, 973, 1661, 'NGR.', 0.9415673613548279, 11]
[967, 1644, 1127, 1665, 'M90BXIDH4KgI#,wZ52', 0.21133093535900116, 15]
[1148, 1651, 1184, 1666, 'EDU', 0.858193039894104, 11]
[313, 1659, 742, 1680, '7AJTBZBMEMIZATDZSYBHDTEUXADPWMA3AJQ4D4P5Mg8H', 0.2973021864891052, 15]
[764, 1659, 1124, 1680, 'bKaZaRbMdPOPACK-NSIKABDACh.No7', 0.13471642136573792, 15]
[311, 1725, 356, 1742, 'Fecha', 0.9995575547218323, 12]
[352, 1727, 367, 1742, 'y', 0.998795747756958, 11]
[364, 1725, 398, 1742, 'hora', 0.9988456964492798, 12]
[396, 1723, 418, 1742, 'de', 0.9997277855873108, 14]
[418, 1725, 477, 1740, 'timbrado:', 0.982283890247345, 11]
[478, 1725, 554, 1740, '06/11/2023', 0.9882242679595947, 11]
[554, 1725, 612, 1740, '18:42:55', 0.9982388019561768, 11]
[623, 1721, 667, 1736, 'IONA', 0.5911680459976196, 11]
[691, 1721, 762, 1736, 'SISTEMA!', 0.43757379055023193, 11]
[796, 1721, 945, 1736, 'CAIVONACIONAL', 0.595466136932373, 11]
[952, 1717, 1188, 1738, 'STEBMAEDUCATVONACON', 0.45142918825149536, 15]
[309, 1753, 1131, 1779, '"OKJEAHPAUOANCZNpAMtEgANMwTTAMPALAIZIOATRAOATTEMEOCONVUMAVPAISACPNOcans', 0.1473902016878128, 19]
[1142, 1766, 1178, 1781, 'CIOI', 0.7048577070236206, 11]
[313, 1774, 1125, 1794, 'VAENOINF4bXBess385WSncBTEkYAg27eGwAVTICCUXepOVgNFVDpd8s.ZmfASCOAXXoYYAQRPXBuA', 0.16548888385295868, 15]
[313, 1789, 1131, 1809, 'GAbReEsNXMEVOIBZkvmM48BiROTaCwup-BAeACBACUBRLABOn2rUgYuK.N-XX/THD.NH7BFEbXKLmK', 0.14906594157218933, 15]
[1146, 1792, 1157, 1804, 'A', 0.6179248094558716, 9]
[1152, 1789, 1176, 1806, 'ED', 0.9958332777023315, 12]
[631, 1537, 665, 1552, '5EU', 0.8819679617881775, 11]
[655, 1535, 811, 1555, 'YNUW85GWDEHg-:', 0.3231070935726166, 15]
[31, 1555, 211, 1582, 'STEMAEDUCATVON', 0.5047421455383301, 20]
[198, 1557, 281, 1578, 'VACIONAL', 0.5857270956039429, 15]
[292, 1563, 311, 1576, '15', 0.32427820563316345, 9]
[311, 1593, 337, 1612, 'No.', 0.9847921133041382, 14]
[336, 1591, 407, 1614, 'certificado', 0.917305052280426, 17]
[405, 1593, 471, 1614, 'autoridad', 0.5042288899421692, 15]
[469, 1595, 524, 1610, 'DREOE:', 0.9972859621047974, 11]
[525, 1595, 683, 1610, '00010000510871752', 0.6868154406547546, 11]
[689, 1602, 811, 1623, 'IVONACIONAL', 0.5766611695289612, 15]
[313, 1676, 781, 1697, 'KPyoAwETs/MAInm-ZAVeNusTwapntroxD2l4aw-NG-', 0.22732290625572205, 15]
[29, 1601, 89, 1629, 'ISTEM', 0.546332836151123, 21]
[33, 1625, 83, 1650, 'IVONI', 0.5001730918884277, 18]
[33, 1648, 82, 1672, 'ISTEM', 0.9991775155067444, 18]
[33, 1670, 82, 1695, 'IVONI', 0.895747184753418, 18]
[33, 1693, 82, 1717, 'ISTEM', 0.999488353729248, 18]
[33, 1717, 82, 1740, 'IVONI', 0.5701471567153931, 17]
[31, 1740, 80, 1762, 'ISTEM', 0.9964358806610107, 16]
[33, 1762, 82, 1787, 'IVONI', 0.5764739513397217, 18]
[33, 1785, 82, 1809, 'ISTEM', 0.9993815422058105, 18]
[33, 1809, 151, 1830, 'VONACIONAL', 0.6878933906555176, 15]
[35, 1881, 53, 1900, 'S', 0.538817286491394, 14]
[78, 1883, 162, 1905, 'asignaturas.', 0.8941323757171631, 16]
[33, 1900, 72, 1922, 'IVON', 0.7123913168907166, 16]
[127, 1907, 142, 1918, 'A', 0.8778579831123352, 8]
[311, 1608, 351, 1631, 'Sello', 0.9850217700004578, 17]
[345, 1610, 390, 1633, 'digital', 0.9989691972732544, 17]
[386, 1610, 452, 1631, 'autoridad', 0.9824291467666626, 15]
[448, 1608, 509, 1631, 'DREOE:', 0.48757028579711914, 17]
[815, 1602, 896, 1623, 'SISTEMAE', 0.9957994818687439, 15]
[887, 1601, 1077, 1627, 'EDUCATVONACIONAL', 0.939720869064331, 19]
[1084, 1608, 1103, 1621, 's', 0.348856121301651, 9]
[1095, 1602, 1186, 1623, 'STEMAEDU', 0.999679446220398, 15]
[761, 1700, 779, 1713, 'o', 0.397323340177536, 9]
[779, 1698, 808, 1713, 'NAL', 0.9965656399726868, 11]
[830, 1698, 841, 1710, 'S', 0.8462014198303223, 9]
[847, 1698, 890, 1713, 'EMA', 0.9813838601112366, 11]
[926, 1695, 1075, 1715, 'CATIVONACIONAL', 0.994036078453064, 15]
[1078, 1695, 1180, 1715, 'SISTEMAEDI', 0.5521628260612488, 15]
[1148, 1676, 1178, 1691, ':o', 0.3873186707496643, 11]
[1133, 1744, 1176, 1759, 'AAED', 0.8596213459968567, 11]
[1141, 1813, 1182, 1828, 'CION', 0.6716349124908447, 11]
[311, 1742, 351, 1759, 'Sello', 0.38188067078590393, 12]
[343, 1740, 392, 1762, 'digital', 0.6650417447090149, 16]
[386, 1742, 424, 1759, 'SEP:', 0.9976294636726379, 12]
[234, 1815, 253, 1828, 'ED', 0.5329276323318481, 9]
[313, 1806, 729, 1826, 'Uirs9wNUxANV24iLsw4/isskutc2PIn4AIWMEA-', 0.1562734991312027, 15]
[33, 1832, 74, 1855, 'ISTEN', 0.9838383197784424, 17]
[78, 1834, 153, 1855, 'Certificado', 0.9969478249549866, 15]
[151, 1836, 193, 1853, 'valido', 0.43945246934890747, 12]
[189, 1836, 211, 1855, 'en', 0.9994137287139893, 14]
[209, 1836, 234, 1855, 'los', 0.9952561259269714, 14]
[232, 1834, 288, 1855, 'Estados', 0.9319063425064087, 15]
[288, 1836, 337, 1855, 'Unidos', 0.9952870607376099, 14]
[332, 1834, 411, 1855, 'Mexicanos.', 0.984443187713623, 15]
[428, 1838, 443, 1849, 'V', 0.8432890772819519, 8]
[35, 1856, 57, 1875, 'IVC', 0.6877038478851318, 14]
[78, 1849, 108, 1873, 'Nor', 0.982366681098938, 18]
[99, 1851, 159, 1873, 'requiere', 0.9960743188858032, 16]
[157, 1849, 213, 1871, 'trâmites', 0.8306128978729248, 16]
[209, 1849, 288, 1871, 'adicionales', 0.8103939294815063, 16]
[283, 1851, 305, 1871, 'de', 0.9999719858169556, 15]
[302, 1851, 384, 1871, 'legalizaciôn,', 0.5768584609031677, 15]
[674, 1838, 693, 1851, 'Al', 0.4845285415649414, 9]
[685, 1836, 715, 1851, 'TVC', 0.6165134310722351, 11]
[710, 1838, 725, 1849, 'o', 0.36951935291290283, 8]
[734, 1838, 753, 1851, 'AC', 0.7843542695045471, 9]
[747, 1838, 759, 1849, 'C', 0.5904834270477295, 8]
[753, 1836, 808, 1851, 'ONAL', 0.7096779346466064, 11]
[823, 1836, 896, 1851, 'STEMAE', 0.7386879324913025, 11]
[890, 1838, 902, 1849, '-', 0.3872995972633362, 8]
[896, 1836, 922, 1851, 'DU', 0.9671535491943359, 11]
[915, 1836, 1031, 1851, 'UCATIVONACIS', 0.38969019055366516, 11]
[1039, 1836, 1075, 1860, '2/2', 0.9995161294937134, 18]
[1082, 1832, 1188, 1855, 'SISTEMAEDU', 0.9918736815452576, 17]
[847, 1856, 947, 1877, 'ONACIONAL', 0.7971200346946716, 15]
[951, 1855, 1039, 1877, 'SISTEMAED', 0.92657470703125, 16]
[1080, 1855, 1191, 1877, 'TIVONACION.', 0.7633172273635864, 16]
[853, 1875, 1078, 1902, 'MADUCATIVONACONAL', 0.40542805194854736, 20]
[1080, 1877, 1191, 1900, 'SISTEMAEDU', 0.6698098182678223, 17]
[78, 1864, 110, 1888, 'Las', 0.9991706609725952, 18]
[104, 1864, 189, 1892, 'asignaturas', 0.9956631064414978, 21]
[185, 1868, 302, 1888, 'complementarias', 0.5630900263786316, 15]
[298, 1868, 320, 1887, 'no', 0.9998801946640015, 14]
[317, 1866, 369, 1888, 'forman', 0.9815141558647156, 16]
[366, 1868, 407, 1890, 'parte', 0.9982112646102905, 16]
[403, 1868, 430, 1887, 'del', 0.9729059338569641, 14]
[428, 1870, 460, 1885, 'total', 0.9641006588935852, 11]
[458, 1868, 482, 1887, 'de', 0.9999725818634033, 14]
[478, 1868, 539, 1888, 'créditos,', 0.9948439598083496, 15]
[537, 1868, 604, 1888, 'promedio', 0.9964851140975952, 15]
[603, 1871, 614, 1887, 'y', 0.9987167119979858, 12]
[614, 1870, 636, 1888, 'no', 0.9995728135108948, 13]
[633, 1868, 655, 1887, 'se', 0.9999560117721558, 14]
[651, 1868, 729, 1888, 'consideran', 0.7525283694267273, 15]
[725, 1868, 762, 1890, 'para', 0.9974331259727478, 16]
[759, 1868, 779, 1887, 'el', 0.9995555281639099, 14]
[778, 1870, 825, 1885, 'conteo', 0.9996002316474915, 11]
[819, 1866, 847, 1890, 'de', 0.999237060546875, 18]
[198, 1902, 313, 1922, 'EMAEDUCATM', 0.8052931427955627, 15]
[304, 1902, 413, 1922, 'VONACIONAL', 0.9899957180023193, 15]
[422, 1900, 678, 1926, 'STOMAIDUCATONACONN', 0.28241580724716187, 19]
[687, 1902, 947, 1922, 'SISTEMAEDUCATIVONACIONAL', 0.6381363272666931, 15]
[951, 1900, 1191, 1926, 'SSTOMAEDUCATVONACON', 0.4273495376110077, 19]
