[533, 31, 610, 56, 'ewsig', 0.2296648472547531, 18]
[545, 72, 584, 92, '272', 0.5726369023323059, 15]
[561, 127, 589, 148, 'e', 0.5126118659973145, 15]
[969, 66, 1111, 102, '66409-An', 0.4422411620616913, 27]
[935, 143, 1055, 173, 'NODVN83909', 0.3490334749221802, 22]
[1050, 148, 1076, 171, 'DG', 0.2955773174762726, 17]
[229, 125, 289, 150, 'ZZOZ', 0.5567804574966431, 18]
[301, 125, 327, 146, 'de', 0.8290271162986755, 15]
[426, 128, 492, 148, 'OINNC', 0.46375206112861633, 15]
[651, 128, 681, 150, '2z', 0.37034502625465393, 16]
[711, 128, 729, 148, 'je', 0.7870102524757385, 15]
[253, 168, 357, 188, 'SOSIWAId', 0.26412737369537354, 15]
[357, 166, 380, 189, 'A', 0.9933955073356628, 17]
[378, 168, 526, 191, 'NOIDVZITV937', 0.5669888257980347, 17]
[526, 168, 558, 189, 'DE', 0.5572946667671204, 15]
[558, 168, 716, 191, 'Va01D34IQ90S', 0.2440665364265442, 17]
[717, 169, 790, 189, 'T39NV', 0.5135652422904968, 15]
[790, 169, 832, 191, 'DD0', 0.8217159509658813, 16]
[834, 171, 913, 191, 'VIVAVZ', 0.8641485571861267, 15]
[935, 166, 1002, 191, 'M3N39', 0.3811401426792145, 18]
[1000, 171, 1083, 191, 'NODD3HIO', 0.3244870901107788, 15]
[258, 199, 339, 219, 'VIDIL3T', 0.39891672134399414, 15]
[340, 199, 385, 219, "'DI7", 0.5555099248886108, 15]
[385, 197, 410, 220, 'D', 0.7222487926483154, 17]
[408, 199, 438, 220, 'V1', 0.316439151763916, 15]
[452, 196, 487, 217, 'por', 0.604133665561676, 15]
[513, 197, 564, 216, 'BAVTT', 0.6460144519805908, 14]
[561, 196, 589, 217, 'VI', 0.3904060423374176, 15]
[581, 197, 612, 217, 'Da', 0.46498391032218933, 15]
[609, 197, 627, 216, "'I", 0.8890503644943237, 14]
[627, 197, 656, 217, 'D-', 0.3997417986392975, 15]
[655, 199, 698, 216, '"HBA', 0.31923070549964905, 12]
[696, 196, 740, 217, '"zo3', 0.4559992253780365, 15]
[739, 199, 803, 217, 'VdvIvx', 0.5161901116371155, 13]
[806, 202, 832, 217, 'ua', 0.5607163310050964, 11]
[831, 196, 931, 227, 'opeoyes', 0.5198386311531067, 23]
[895, 186, 981, 214, 'ONNERO9', 0.3089713156223297, 21]
[976, 189, 1000, 211, 'D.', 0.4676126539707184, 16]
[999, 191, 1119, 216, 'VwVIND3SENS', 0.27616164088249207, 18]
[619, 244, 767, 267, 'VNVZNNOVH3A', 0.24833117425441742, 17]
[767, 245, 910, 268, 'GVGISH3AINN', 0.5167660713195801, 17]
[281, 273, 313, 295, 'V1', 0.39216166734695435, 16]
[309, 273, 342, 295, 'D-', 0.7118141651153564, 16]
[342, 275, 415, 293, 'JOAVW', 0.6751818656921387, 13]
[418, 275, 523, 293, 'VITVIDIHO', 0.3828364312648773, 13]
[525, 273, 554, 295, 'V1', 0.3240489959716797, 16]
[564, 263, 722, 295, 'eejueipuodseuoo', 0.37647753953933716, 24]
[721, 272, 765, 293, 'oles', 0.6994498372077942, 15]
[765, 270, 795, 293, 'jep', 0.7643001079559326, 17]
[793, 270, 875, 295, 'opsene.', 0.5175331830978394, 18]
[872, 272, 913, 293, 'e1se', 0.42473793029785156, 15]
[918, 276, 928, 286, 'V', 0.7484206557273865, 7]
[754, 349, 903, 372, 'VNVZN8OVB3A', 0.2122771292924881, 17]
[951, 347, 961, 357, '-', 0.4516250193119049, 7]
[971, 339, 984, 352, 'y', 0.4465959966182709, 9]
[987, 342, 1014, 360, 'sodi', 0.6829820871353149, 13]
[1035, 350, 1055, 365, '9', 0.6176353096961975, 11]
[956, 346, 1018, 385, '41o3', 0.25251075625419617, 29]
[1010, 352, 1045, 380, 'H309', 0.4061962068080902, 21]
[322, 375, 464, 398, 'GVGISH3AINN', 0.37231767177581787, 17]
[464, 377, 495, 397, 'V7', 0.5188639163970947, 15]
[494, 377, 525, 397, 'DE', 0.5422632098197937, 15]
[528, 378, 600, 397, 'JOAVW', 0.8739921450614929, 14]
[600, 378, 684, 397, 'TVIDIHO', 0.45483049750328064, 14]
[706, 380, 734, 403, 'e', 0.9237603545188904, 17]
[734, 382, 796, 402, 'pepyeo', 0.45914727449417114, 15]
[798, 383, 823, 398, 'ue', 0.8311980962753296, 11]
[823, 380, 877, 405, 'engoe', 0.2284875363111496, 18]
[875, 378, 928, 403, 'ueinb', 0.46971073746681213, 18]
[941, 378, 958, 393, '4', 0.3064441382884979, 11]
[426, 415, 518, 433, 'VIONSIA', 0.8464527130126953, 13]
[520, 415, 592, 439, 'Z3W09', 0.41196033358573914, 18]
[594, 416, 676, 434, 'ounav', 0.258598655462265, 13]
[678, 416, 757, 434, 'SOT8VO', 0.2606070935726166, 13]
[758, 415, 803, 436, 'DI7', 0.47898876667022705, 15]
[803, 415, 829, 438, '', 0.4382927715778351, 17]
[824, 415, 856, 438, '13', 0.47827643156051636, 17]
[892, 416, 928, 438, 'pou', 0.5619465112686157, 16]
[438, 453, 505, 472, 'opewy', 0.9320885539054871, 14]
[505, 453, 546, 474, 'opis', 0.9423391819000244, 15]
[545, 451, 573, 474, 'ey', 0.9820458292961121, 17]
[571, 449, 637, 474, 'oolqnd', 0.44081565737724304, 18]
[637, 453, 734, 472, 'ojuewnoop', 0.5219005942344666, 14]
[735, 453, 813, 472, 'ejueseud', 0.8520223498344421, 14]
[811, 451, 834, 476, 'je', 0.9305791258811951, 18]
[832, 453, 898, 477, '00Ixew', 0.5150377154350281, 18]
[897, 454, 926, 477, 'u3', 0.831311821937561, 17]
[385, 492, 503, 517, 'ZZOZ/8LEZ', 0.6116622090339661, 18]
[523, 485, 584, 510, 'uepo', 0.6086907982826233, 18]
[581, 487, 610, 510, 'e', 0.9734750986099243, 17]
[609, 487, 645, 512, "'ON", 0.49360838532447815, 18]
[436, 530, 507, 548, "81'816", 0.5404762625694275, 13]
[505, 527, 526, 551, '$', 0.9998908042907715, 18]
[559, 525, 642, 545, 'soypeJea', 0.4470541775226593, 15]
[352, 583, 413, 609, '(196L', 0.5255981087684631, 19]
[416, 587, 494, 607, 'euqojoo', 0.4079003632068634, 15]
[494, 584, 517, 610, 'Ç', 0.364384263753891, 19]
[510, 584, 548, 612, 'np', 0.9980271458625793, 21]
[541, 581, 604, 612, 'OkeH', 0.4889583885669708, 23]
[600, 587, 627, 609, 'el', 0.9188231229782104, 16]
[624, 587, 655, 610, 'de', 0.8684436082839966, 17]
[655, 583, 781, 612, 'uorueAuoo)', 0.20083019137382507, 21]
[82, 607, 155, 627, 'NODVN8.', 0.453351765871048, 15]
[151, 606, 196, 627, '1909', 0.7479479908943176, 15]
[194, 604, 219, 625, 'po', 0.4234943389892578, 15]
[72, 627, 145, 647, 'TV83N39', 0.8609912991523743, 15]
[140, 624, 230, 653, 'NODDuIO', 0.3818749189376831, 21]
[38, 650, 120, 668, 'ON83I809', 0.8086985945701599, 13]
[118, 648, 145, 670, '30', 0.5178843140602112, 16]
[140, 647, 202, 671, 'VvIs', 0.3209890127182007, 18]
[196, 647, 263, 671, 'pasens', 0.9295417666435242, 18]
[490, 609, 642, 640, 'enisody', 0.3357953429222107, 23]
[507, 668, 625, 698, '001xeW', 0.4275762438774109, 22]
[844, 609, 898, 635, 'J3A', 0.3232799470424652, 19]
[271, 701, 380, 737, 'VIVLL', 0.6936760544776917, 27]
[841, 724, 859, 740, 'N', 0.29269394278526306, 12]
[859, 729, 892, 749, 'SOGINE', 0.1901392787694931, 15]
[99, 810, 108, 821, '-', 0.37972328066825867, 8]
[107, 811, 166, 842, 'ngars', 0.3478701710700989, 23]
[161, 806, 199, 838, '3099', 0.2686803936958313, 24]
[110, 851, 222, 870, 'NOIDVN83809', 0.7635058760643005, 14]
[224, 851, 245, 867, 'D0', 0.8728642463684082, 12]
[100, 870, 173, 890, '7V83N39', 0.6694866418838501, 15]
[173, 872, 255, 892, 'NOIDD3SIG', 0.3190355598926544, 15]
[66, 894, 148, 912, 'ON83I809', 0.6555798053741455, 13]
[148, 892, 173, 913, '30', 0.7881757616996765, 15]
[173, 894, 289, 913, 'V8VI38D3S80S', 0.3282677233219147, 14]
[309, 833, 431, 852, 'NOIDVNW3809', 0.32573601603507996, 14]
[433, 833, 459, 851, 'D-', 0.5019794702529907, 13]
[457, 831, 536, 851, 'TVHINES', 0.3633490800857544, 15]
[533, 828, 624, 852, 'AO1038IG', 0.16693951189517975, 18]
[650, 831, 739, 849, 'SOSIWHId', 0.38546332716941833, 13]
[735, 828, 757, 852, 'A', 0.9622525572776794, 18]
[754, 829, 879, 849, 'NOIDVZITV93', 0.5658484101295471, 15]
[879, 831, 905, 849, 'DE', 0.4471987187862396, 13]
[903, 829, 1033, 847, 'VaO1D3WIGENS', 0.3738386929035187, 13]
[299, 846, 383, 870, 'zanouyw', 0.8549365997314453, 18]
[382, 849, 443, 869, '$0800', 0.42558807134628296, 15]
[439, 847, 500, 867, 'T39NV', 0.6625769734382629, 15]
[497, 844, 577, 869, '01838V', 0.8058287501335144, 18]
[576, 847, 630, 867, '"OHIW', 0.31310534477233887, 15]
[721, 846, 780, 866, '139NV', 0.6207193732261658, 15]
[778, 846, 814, 866, 'DD0', 0.7579610347747803, 15]
[813, 847, 880, 867, 'VIVAVZ', 0.9201494455337524, 15]
[880, 846, 949, 866, 'VIDII3T', 0.3827570676803589, 15]
[951, 846, 987, 866, 'oIT', 0.4131225049495697, 15]
[911, 869, 943, 889, '', 0.3775387108325958, 15]
[507, 913, 517, 923, '-', 0.7186583280563354, 7]
[994, 903, 1035, 925, 'jww', 0.9410145282745361, 16]
[401, 925, 451, 945, 'IZOZ', 0.5800466537475586, 15]
[451, 923, 480, 946, 'ap', 0.8154520392417908, 17]
[477, 921, 554, 946, 'auqhgod', 0.534963071346283, 18]
[551, 923, 582, 945, 'e', 0.5937632322311401, 16]
[579, 923, 609, 945, '62', 0.6785141229629517, 16]
[607, 923, 625, 941, 'e', 0.8873230218887329, 13]
[622, 920, 683, 945, "'aner", 0.8018062114715576, 18]
[681, 921, 706, 945, 'el', 0.8452481031417847, 18]
[703, 923, 732, 945, 'e', 0.8227461576461792, 16]
[730, 920, 805, 945, 'ojpeubI', 0.7090577483177185, 18]
[803, 923, 832, 943, 'a', 0.6546614766120911, 15]
[831, 921, 916, 941, 'znaoe.eA', 0.3739467263221741, 15]
[915, 915, 1037, 945, '"zba-edéex', 0.4396190345287323, 22]
[500, 963, 622, 982, 'repuapuaded', 0.5572265982627869, 14]
[625, 963, 668, 982, 'eisa', 0.2755469083786011, 14]
[666, 963, 696, 982, 'a', 0.7845998406410217, 14]
[696, 963, 775, 982, 'SOAIYDe', 0.2831684947013855, 14]
[775, 963, 808, 982, 'sol', 0.45146650075912476, 14]
[809, 963, 836, 981, 'ua', 0.9645363092422485, 13]
[836, 961, 892, 981, 'ueuqo', 0.34873947501182556, 15]
[892, 959, 931, 979, 'anb', 0.735356867313385, 15]
[931, 958, 1033, 982, 'soje.bgine', 0.4497067630290985, 18]
[293, 981, 380, 1005, 'so11s16a.', 0.4168996214866638, 18]
[388, 977, 423, 1005, 'SQI', 0.4491054117679596, 21]
[429, 977, 464, 1005, 'ua', 0.9120179414749146, 21]
[472, 982, 536, 1002, 'ezsuos', 0.2253260612487793, 15]
[546, 979, 586, 1000, 'anb', 0.6757519841194153, 15]
[596, 981, 620, 1004, 'el', 0.6968300342559814, 17]
[628, 981, 666, 1000, 'uos', 0.7062255144119263, 14]
[678, 979, 777, 1004, 'epienouos', 0.24641484022140503, 18]
[788, 977, 911, 1002, "'eueznuoeeA", 0.3679180145263672, 18]
[921, 977, 1033, 1002, 'pepisenjun', 0.3344303071498871, 18]
[291, 1002, 316, 1025, 'el', 0.7255071997642517, 17]
[319, 1002, 349, 1025, 'a', 0.6678939461708069, 17]
[350, 997, 484, 1027, 'JOAewJépyO', 0.24406011402606964, 22]
[487, 999, 566, 1024, "'ejoubIA", 0.5740828514099121, 18]
[573, 1002, 638, 1022, 'zaugs', 0.6017913222312927, 15]
[643, 999, 709, 1024, 'oungv', 0.21179623901844025, 18]
[714, 1002, 775, 1022, 'sojep', 0.23611856997013092, 15]
[793, 1000, 829, 1022, '217', 0.633963942527771, 16]
[832, 999, 859, 1022, '"', 0.27937769889831543, 17]
[862, 999, 887, 1022, 'la', 0.5151810646057129, 17]
[888, 997, 926, 1019, 'Jor', 0.5625622272491455, 16]
[931, 997, 1035, 1022, 'ugpipadxa', 0.4591189920902252, 18]
[294, 1024, 321, 1042, 'ns', 0.9965906143188477, 13]
[326, 1022, 355, 1043, 'de', 0.6418789625167847, 15]
[362, 1024, 415, 1043, 'eypay', 0.8074710965156555, 14]
[423, 1020, 446, 1043, 'el', 0.6987983584403992, 17]
[451, 1020, 480, 1040, 'ua', 0.9120188355445862, 15]
[489, 1022, 558, 1042, 'opniwa', 0.5801364183425903, 15]
[568, 1022, 670, 1042, 'oqueunoop', 0.6369082927703857, 15]
[679, 1020, 762, 1040, 'equasaud', 0.5362427830696106, 15]
[772, 1022, 791, 1040, 'la', 0.8013142347335815, 13]
[800, 1017, 852, 1042, 'ezjes', 0.9557049870491028, 18]
[857, 1019, 897, 1038, 'anb', 0.845331072807312, 14]
[903, 1017, 959, 1042, 'ewy', 0.6448562145233154, 18]
[964, 1019, 987, 1042, 'el', 0.7939056754112244, 17]
[994, 1017, 1033, 1038, 'ano', 0.7673024535179138, 15]
[294, 1122, 368, 1142, 'Jojagui', 0.4719104766845703, 15]
[372, 1117, 484, 1142, 'oquawejbos', 0.4114610254764557, 18]
[485, 1121, 518, 1142, 'lap', 0.8768701553344727, 15]
[518, 1119, 546, 1142, 'IA', 0.998936116695404, 17]
[548, 1121, 622, 1140, 'ugiooey', 0.577081561088562, 14]
[624, 1119, 653, 1140, 'Sz', 0.615839958190918, 15]
[651, 1116, 673, 1140, 'A', 0.8325876593589783, 18]
[670, 1117, 729, 1142, 'IIIAX', 0.9852868318557739, 18]
[727, 1117, 806, 1142, 'ugiooe.y', 0.5818106532096863, 18]
[806, 1117, 834, 1140, '0z', 0.14497743546962738, 17]
[836, 1117, 884, 1140, "'xIX", 0.6677133440971375, 17]
[882, 1116, 959, 1140, 'ugiooe.y', 0.511693000793457, 18]
[959, 1116, 989, 1140, 'ST', 0.9726137518882751, 18]
[987, 1114, 1014, 1139, "'6", 0.9986128807067871, 18]
[1010, 1114, 1037, 1139, "'8", 0.5611298680305481, 18]
[293, 1135, 327, 1163, "'(e", 0.9592689871788025, 21]
[324, 1139, 383, 1163, 'osjpul', 0.6355190873146057, 18]
[382, 1139, 406, 1162, 'II', 0.999339759349823, 17]
[406, 1137, 484, 1162, 'ugiooeay', 0.31508228182792664, 18]
[482, 1137, 505, 1162, 'E', 0.8651368021965027, 18]
[497, 1134, 549, 1162, "'z'T", 0.7260485887527466, 21]
[546, 1135, 619, 1162, "'opeiss", 0.33250731229782104, 20]
[619, 1137, 655, 1162, 'lap', 0.8857846856117249, 18]
[651, 1135, 740, 1160, 'oAjnoafa', 0.5484249591827393, 18]
[740, 1135, 800, 1162, 'sapod', 0.3756438195705414, 20]
[800, 1137, 832, 1160, 'lap', 0.692597508430481, 17]
[831, 1132, 920, 1162, 'eojupbi0', 0.5255619883537292, 22]
[918, 1132, 958, 1158, 'Key', 0.2796158194541931, 19]
[956, 1135, 979, 1158, 'el', 0.5430631041526794, 17]
[977, 1135, 1007, 1158, 'ap', 0.8745248913764954, 17]
[1005, 1137, 1037, 1157, 'XX', 0.9024280905723572, 15]
[294, 1157, 373, 1181, 'ugjooey', 0.4368114769458771, 18]
[372, 1158, 401, 1181, '8T', 0.9001606702804565, 17]
[403, 1157, 419, 1178, 'A', 0.9691320061683655, 15]
[418, 1158, 447, 1181, 'LT', 0.9251291155815125, 17]
[447, 1157, 472, 1181, "'I", 0.9838739633560181, 18]
[470, 1157, 548, 1181, 'ugppoe1y', 0.25330331921577454, 18]
[548, 1157, 569, 1181, '6', 0.9992632269859314, 18]
[566, 1155, 619, 1180, "'TIIX", 0.6455304622650146, 18]
[619, 1155, 696, 1181, 'ugooe.y', 0.5368821620941162, 19]
[694, 1155, 717, 1180, '8', 0.9987767338752747, 18]
[714, 1154, 786, 1180, "'opeisa", 0.46012499928474426, 19]
[786, 1154, 823, 1181, 'jap', 0.8181044459342957, 20]
[821, 1155, 895, 1180, 'eopyod', 0.4804072976112366, 18]
[897, 1157, 1012, 1177, 'ugpnansuos', 0.5077890753746033, 15]
[1015, 1157, 1035, 1175, 'ej', 0.4424839913845062, 13]
[294, 1180, 324, 1200, 'ap', 0.9761985540390015, 15]
[321, 1180, 352, 1200, '0S', 0.3768270015716553, 15]
[352, 1180, 433, 1200, 'sojnope', 0.5249140858650208, 15]
[434, 1178, 467, 1200, 'sol', 0.584492564201355, 16]
[466, 1177, 495, 1198, 'ua', 0.9456608891487122, 15]
[494, 1175, 609, 1200, 'ojuawepuny', 0.5801427960395813, 18]
[607, 1175, 647, 1196, 'uoo', 0.5485104322433472, 15]
[647, 1177, 704, 1196, "'anel", 0.5004895329475403, 14]
[704, 1175, 729, 1198, 'el', 0.5970993041992188, 17]
[726, 1175, 755, 1198, 'a', 0.8363112807273865, 17]
[755, 1172, 828, 1198, 'ojpeubi', 0.6974783539772034, 19]
[828, 1175, 857, 1198, 'ap', 0.6557531952857971, 17]
[854, 1173, 943, 1198, 'znaoe.eA', 0.2536618709564209, 18]
[941, 1177, 971, 1198, 'a', 0.6007757782936096, 15]
[969, 1173, 1037, 1198, 'opeasa', 0.3639439344406128, 18]
[294, 1200, 327, 1221, 'lap', 0.9012554287910461, 15]
[331, 1196, 419, 1221, 'ouaigos', 0.5327430963516235, 18]
[421, 1198, 451, 1219, 'a', 0.5032970309257507, 15]
[454, 1196, 553, 1221, 'ejegaoas', 0.2765158712863922, 18]
[554, 1196, 577, 1219, 'el', 0.8253363966941833, 17]
[581, 1196, 597, 1216, 'e', 0.9807673692703247, 15]
[602, 1196, 688, 1216, 'so1ospe', 0.4115832448005676, 15]
[691, 1193, 818, 1218, "'ugpeunagos", 0.26088735461235046, 18]
[819, 1195, 849, 1218, 'ap', 0.9838550686836243, 17]
[852, 1196, 926, 1216, 'je.auas', 0.6702774167060852, 15]
[930, 1193, 1010, 1218, 'Jo1paIa', 0.3467552065849304, 18]
[1014, 1193, 1038, 1218, 'la', 0.9003996253013611, 18]
[291, 1213, 314, 1237, 'A', 0.9266664385795593, 18]
[313, 1218, 398, 1237, 'soslwad', 0.42057082056999207, 14]
[400, 1216, 418, 1236, 'A', 0.9940295219421387, 15]
[418, 1214, 535, 1239, 'ugpezieban', 0.2584967613220215, 18]
[535, 1216, 564, 1237, 'ap', 0.6453554630279541, 15]
[564, 1216, 683, 1236, 'eogpamipqns', 0.22622621059417725, 15]
[686, 1216, 706, 1234, 'el', 0.8073848485946655, 13]
[709, 1211, 801, 1236, "'apaoaque", 0.5391685962677002, 18]
[801, 1213, 842, 1232, 'anb', 0.8819169402122498, 14]
[842, 1214, 895, 1234, 'euy', 0.5135323405265808, 15]
[897, 1213, 920, 1236, 'el', 0.5560593605041504, 17]
[921, 1214, 1035, 1234, 'epesuoajuos', 0.3899407684803009, 15]
[110, 1042, 120, 1053, '-', 0.7987827062606812, 8]
[118, 1048, 145, 1070, '4', 0.32591283321380615, 16]
[153, 1058, 184, 1079, '203r9', 0.5183078050613403, 15]
[176, 1060, 192, 1075, 'a1', 0.9227055907249451, 11]
[573, 1058, 739, 1083, 'NVDI:II83D', 0.1930200606584549, 18]
[670, 1098, 742, 1122, '"opelsa', 0.16915367543697357, 18]
[742, 1099, 775, 1121, 'lap', 0.7067354917526245, 16]
[777, 1099, 860, 1119, 'ouaigos', 0.5173142552375793, 15]
[860, 1098, 890, 1119, 'a', 0.9624233245849609, 15]
[890, 1099, 986, 1119, 'ejegauoas', 0.27345994114875793, 15]
[986, 1098, 1012, 1119, 'e', 0.3822324275970459, 15]
[1007, 1098, 1035, 1119, 'a', 0.6273053884506226, 15]
[340, 1257, 401, 1277, 'T8L91', 0.3125879466533661, 15]
[403, 1256, 515, 1275, 'uopezieban', 0.28416207432746887, 14]
[517, 1256, 545, 1277, 'ap', 0.8776527643203735, 15]
[545, 1256, 592, 1275, 'o!joJ', 0.20904670655727386, 14]
[294, 1310, 367, 1328, 'onnouot', 0.34779947996139526, 13]
[364, 1310, 390, 1328, '30', 0.8706786036491394, 13]
[385, 1311, 434, 1325, 'VN3T7', 0.49927791953086853, 10]
[431, 1310, 459, 1325, '3W', 0.6508675813674927, 11]
[304, 1338, 322, 1358, '-', 0.5256286859512329, 15]
[359, 1343, 368, 1353, '-', 0.7935498356819153, 7]
[368, 1343, 378, 1354, '-', 0.9235601425170898, 8]
[898, 1316, 944, 1336, '1D0', 0.44657278060913086, 15]
[809, 1313, 903, 1343, 'oGVISE', 0.28571271896362305, 22]
[823, 1343, 944, 1362, 'Znaov3A', 0.2540633976459503, 14]
[829, 1330, 944, 1349, 'ONHEI8OS', 0.3358779549598694, 14]
[507, 1320, 640, 1343, 'JANBIGN3SIGNI', 0.21604065597057343, 17]
[507, 1335, 594, 1354, '001X3W', 0.3088238835334778, 14]
[594, 1333, 638, 1354, '130', 0.5856963396072388, 15]
[507, 1349, 584, 1369, 'SONV', 0.684037983417511, 15]
[582, 1346, 640, 1371, '00Z', 0.3708510398864746, 18]
[676, 1339, 768, 1369, 'ZoZ', 0.4459339380264282, 22]
