[791, 164, 886, 187, '0101001', 0.9999871253967285, 17]
[776, 189, 886, 212, '28285623', 0.9954515099525452, 17]
[332, 189, 456, 223, 'Gobierno', 0.996107280254364, 25]
[330, 213, 372, 246, 'de', 0.9997937083244324, 24]
[369, 215, 457, 243, 'Puebla', 0.9980790615081787, 21]
[411, 248, 446, 261, 'uturo', 0.28100326657295227, 9]
[589, 223, 657, 246, 'México', 0.965626060962677, 17]
[570, 248, 675, 271, 'APOSTILLE', 0.999377965927124, 17]
[464, 277, 558, 295, 'Convention', 0.7362784147262573, 13]
[555, 275, 581, 295, 'de', 0.9985548853874207, 15]
[576, 275, 600, 297, 'la', 0.8621149063110352, 16]
[597, 277, 638, 297, 'Haye', 0.9987452030181885, 15]
[637, 275, 663, 297, 'du', 0.9896414875984192, 16]
[660, 277, 677, 295, '5', 0.9971920847892761, 13]
[674, 277, 739, 295, 'Octobre', 0.999908447265625, 13]
[737, 275, 785, 299, '1961)', 0.9761014580726624, 18]
[539, 320, 629, 343, 'DERECHOS:', 0.5129724740982056, 17]
[627, 320, 696, 343, '$325.00', 0.9980887770652771, 17]
[536, 342, 597, 367, 'NoDE', 0.8145872354507446, 18]
[592, 343, 842, 367, '089A.425M6359238', 0.145315483212471, 18]
[544, 362, 648, 390, 'EXPEDIDAEL', 0.9049789309501648, 21]
[648, 365, 742, 388, '04-DESULIO', 0.5235912799835205, 17]
[739, 365, 765, 388, 'DE', 0.9996311664581299, 17]
[762, 365, 807, 390, '2022', 0.9996011853218079, 18]
[334, 357, 343, 368, '-', 0.41397756338119507, 8]
[225, 368, 241, 385, 'PI', 0.6859676241874695, 12]
[221, 398, 252, 418, 'Dps', 0.5577183365821838, 15]
[250, 396, 360, 436, 'HR,MEICOE', 0.26939210295677185, 30]
[352, 410, 375, 432, 'EL', 0.9775216579437256, 16]
[377, 411, 479, 430, 'DOCUMENTO', 0.6395962238311768, 14]
[479, 408, 552, 432, 'PUBLICO', 0.9804752469062805, 18]
[547, 408, 618, 433, 'HASIDO', 0.9012178778648376, 18]
[612, 410, 689, 433, 'SIGNADO', 0.9957041144371033, 17]
[686, 408, 728, 433, 'POR', 0.9547821283340454, 18]
[722, 410, 750, 432, 'LA', 0.9828944206237793, 16]
[750, 411, 805, 430, 'MTRAI', 0.6249382495880127, 14]
[801, 413, 858, 430, 'MARIA', 0.9821021556854248, 12]
[859, 413, 966, 432, 'DELSOCORRO.', 0.47196799516677856, 14]
[261, 430, 412, 453, 'GUADALUPEALICIA', 0.9144741892814636, 17]
[411, 432, 462, 455, 'DELA', 0.9697813987731934, 17]
[460, 432, 569, 455, 'INMAÇULADA', 0.5627599358558655, 17]
[567, 432, 674, 455, 'CONCEPGION', 0.5370541214942932, 17]
[666, 428, 751, 456, 'GRAJALES', 0.9435676336288452, 21]
[747, 432, 767, 455, 'Y', 0.8102035522460938, 17]
[762, 433, 832, 456, 'PORRAS,', 0.9918756484985352, 17]
[832, 435, 887, 453, 'QUIEN', 0.8511704206466675, 13]
[884, 433, 971, 456, 'ACTUOEN', 0.6680608987808228, 17]
[262, 455, 332, 473, 'CALIDAD', 0.9305218458175659, 13]
[332, 453, 360, 475, 'DE;', 0.6391774415969849, 16]
[358, 455, 451, 473, 'SECRETARIO', 0.9774073958396912, 13]
[454, 455, 527, 473, 'GENERAL', 0.9798870086669922, 13]
[524, 450, 580, 480, 'DELA', 0.8598496317863464, 22]
[575, 453, 666, 476, 'BENEMERITA', 0.5992003083229065, 17]
[660, 453, 682, 475, 'A', 0.7969541549682617, 16]
[674, 453, 784, 476, 'UNIVERSIDAD', 0.5835840702056885, 17]
[784, 456, 880, 475, 'AUTONOMA', 0.9388924837112427, 14]
[880, 456, 906, 476, 'DE', 0.9943209886550903, 15]
[906, 456, 968, 475, 'PUEBLA', 0.8081104159355164, 14]
[258, 497, 388, 520, 'AUTENTIFICADO', 0.7580680847167969, 17]
[388, 497, 416, 518, 'EN', 0.960017740726471, 15]
[414, 497, 485, 520, 'PUEBLA,', 0.9878807067871094, 17]
[484, 493, 595, 521, 'PUEBLAPOR', 0.7056744694709778, 21]
[586, 495, 623, 523, 'EL', 0.6303020715713501, 21]
[620, 497, 644, 517, 'C', 0.642541766166687, 15]
[637, 497, 753, 520, 'JUBO-MIGUEL', 0.23527252674102783, 17]
[754, 500, 821, 518, 'HUERTA', 0.9971098303794861, 13]
[821, 498, 887, 521, 'GOMEZ,', 0.9871011972427368, 17]
[890, 501, 966, 518, 'DIRECTOR:', 0.6035658717155457, 12]
[269, 475, 320, 498, 'ESTA', 0.9588216543197632, 17]
[313, 475, 484, 497, 'REVESTIDODELSEUO', 0.48675426840782166, 16]
[481, 475, 635, 498, 'CORRESPONDENTE', 0.3794589638710022, 17]
[660, 470, 696, 497, 'A', 0.22046571969985962, 20]
[266, 538, 306, 563, 'FIPO', 0.5818324089050293, 18]
[300, 540, 327, 562, 'DE', 0.998862624168396, 16]
[327, 543, 436, 562, 'DOCUMENTO::', 0.6523861289024353, 14]
[436, 543, 539, 562, 'CERTIFICADO!', 0.8112953901290894, 14]
[530, 541, 731, 565, 'DEISTUDOSFOLGBUAP', 0.35587266087532043, 18]
[730, 544, 788, 563, '080419', 0.9984330534934998, 14]
[262, 565, 335, 583, 'NOMBRE', 0.9921850562095642, 13]
[334, 565, 368, 585, 'DEL', 0.9889156818389893, 15]
[366, 565, 437, 583, 'TITULAR:', 0.9966385364532471, 13]
[434, 563, 487, 586, 'REYES', 0.9988585710525513, 17]
[484, 563, 547, 586, 'PLATAS', 0.9677538871765137, 17]
[539, 563, 680, 586, 'DANIEIAIVONNE', 0.5833497643470764, 17]
[252, 517, 337, 544, 'GENERAL', 0.997285008430481, 20]
[335, 520, 360, 541, 'DE', 0.9940762519836426, 15]
[360, 521, 448, 540, 'GOBIERNO.', 0.6292839050292969, 14]
[239, 577, 377, 634, 'GERVER9', 0.38739657402038574, 42]
[85, 582, 244, 628, 'DIRECCION', 0.8731805682182312, 34]
[368, 585, 448, 608, 'EXPEDIDO', 0.9988564252853394, 17]
[445, 586, 470, 606, 'EL', 0.9169033169746399, 15]
[460, 586, 490, 608, '08', 0.9989399313926697, 16]
[488, 586, 515, 608, 'DE', 0.978411853313446, 16]
[511, 585, 578, 608, 'MARZO', 0.6543932557106018, 17]
[567, 585, 638, 609, 'DE2021', 0.8224260807037354, 18]
[341, 645, 380, 664, 'artifica', 0.7140900492668152, 14]
[377, 645, 443, 664, 'elcontenido', 0.758594274520874, 14]
[439, 645, 464, 665, 'dela', 0.4954894781112671, 15]
[459, 647, 522, 664, 'documentos', 0.8444569110870361, 12]
[518, 650, 538, 664, 'para', 0.9980411529541016, 10]
[550, 616, 567, 630, '20', 0.8017667531967163, 10]
[567, 620, 583, 631, 'DB', 0.23565921187400818, 8]
[648, 620, 660, 630, '0', 0.38753822445869446, 7]
[665, 620, 677, 630, 'E', 0.521109938621521, 7]
[539, 647, 699, 687, 'Prrebla', 0.515510082244873, 30]
[576, 685, 658, 708, '2019-202', 0.5688588619232178, 17]
[102, 623, 148, 657, 'DE', 0.9990919828414917, 25]
[148, 623, 340, 664, 'GOBIERNODE', 0.9779682755470276, 30]
[337, 634, 369, 648, 'tilla', 0.8704097867012024, 10]
[366, 631, 434, 650, 'solocertifica', 0.660071074962616, 14]
[429, 633, 445, 648, 'la', 0.6052724123001099, 11]
[443, 634, 474, 648, 'firma,', 0.8105890154838562, 10]
[474, 636, 487, 648, 'la', 0.5569443106651306, 9]
[485, 633, 541, 650, 'capacidadis', 0.8697513937950134, 12]
[535, 631, 614, 650, 'delsignatarioy', 0.6534765362739563, 14]
[716, 637, 726, 647, 'e', 0.988277018070221, 7]
[725, 634, 770, 651, 'ostenta.', 0.6001817584037781, 12]
[91, 656, 211, 696, 'ESTADO', 0.9955655932426453, 30]
[207, 657, 256, 696, 'DE', 0.9989602565765381, 29]
[252, 662, 363, 698, 'PUEBLA', 0.9977713823318481, 27]
[663, 775, 700, 789, 'Firma', 0.5555537939071655, 10]
[50, 1449, 85, 1463, 'ESTE', 0.8001936078071594, 10]
[85, 1448, 170, 1465, 'DOCUMENTO!', 0.352752685546875, 12]
[165, 1449, 188, 1463, 'NO', 0.9735324382781982, 10]
[188, 1449, 225, 1463, 'TIENE', 0.9962912797927856, 10]
[227, 1448, 281, 1465, 'VALIDEZ', 0.8822282552719116, 12]
[278, 1448, 295, 1465, 'SI', 0.9808191657066345, 12]
[293, 1448, 363, 1465, 'PRESENTA', 0.703140139579773, 12]
[361, 1448, 448, 1465, 'TACHADURAS', 0.998860239982605, 12]
[445, 1448, 462, 1465, 'OE', 0.8008496165275574, 12]
[459, 1448, 566, 1465, 'ENMENDADURAS', 0.6214150786399841, 12]
