[662, 139, 728, 162, 'o', 0.6002436280250549, 17]
[719, 141, 751, 161, 'L', 0.993452787399292, 15]
[768, 142, 785, 156, 'E', 0.8380394577980042, 10]
[804, 142, 824, 156, 'G', 0.995829164981842, 10]
[836, 139, 864, 161, 'I', 0.9352254867553711, 16]
[855, 142, 894, 162, '0', 0.48660287261009216, 15]
[606, 161, 635, 190, 'H', 0.6348876357078552, 21]
[652, 169, 737, 210, 'LAS', 0.9996218681335449, 30]
[754, 172, 892, 206, 'HAYAS', 0.999908447265625, 25]
[580, 277, 634, 308, 'Con', 0.999893307685852, 23]
[635, 277, 725, 305, 'estudios', 0.9987579584121704, 21]
[728, 280, 872, 308, 'incorporados', 0.9910975694656372, 21]
[872, 283, 892, 306, 'a', 0.9999217987060547, 17]
[889, 275, 915, 308, 'la', 0.9993547797203064, 24]
[553, 308, 660, 336, 'Secretaria', 0.9993529915809631, 21]
[662, 308, 694, 336, 'de', 0.9999890327453613, 21]
[697, 308, 810, 336, 'Educacion', 0.626155436038971, 21]
[813, 308, 844, 336, 'de', 0.9999978542327881, 21]
[846, 308, 943, 336, 'Veracruz', 0.999237060546875, 21]
[694, 398, 771, 428, 'Otorga', 0.9997839331626892, 22]
[773, 396, 796, 424, 'el', 0.9939087629318237, 21]
[474, 481, 1010, 585, 'DIPLOMA', 0.8962950110435486, 78]
[632, 599, 689, 637, 'De', 0.9999642372131348, 28]
[696, 599, 849, 637, 'Bachiller', 0.9603022336959839, 28]
[668, 752, 705, 780, 'En', 0.9833502769470215, 21]
[702, 750, 733, 781, 'el', 0.9919406771659851, 23]
[725, 753, 778, 781, 'àrea', 0.8141238689422607, 21]
[778, 752, 808, 781, 'de', 0.9999988079071045, 21]
[567, 809, 911, 852, 'Fisico-Matemâtica', 0.8221203088760376, 32]
[726, 903, 742, 920, 'a', 0.9998900890350342, 12]
[454, 936, 644, 1005, 'Analepbi', 0.4745956361293793, 51]
[649, 939, 875, 1012, 'OBaragin', 0.4830184280872345, 54]
[883, 942, 1028, 999, 'Comes', 0.5062612891197205, 42]
[570, 1083, 601, 1103, 'en', 0.9993348717689514, 15]
[604, 1078, 672, 1103, 'virtud', 0.9993639588356018, 18]
[674, 1077, 705, 1104, 'de', 0.9997517466545105, 20]
[708, 1078, 770, 1103, 'haber', 0.999060332775116, 18]
[770, 1077, 859, 1106, 'cursado', 0.9988825917243958, 21]
[859, 1080, 894, 1106, 'los', 0.9530200362205505, 19]
[593, 1106, 685, 1134, 'estudios', 0.9998008608818054, 21]
[685, 1108, 872, 1140, 'correspondientes', 0.8412988781929016, 24]
[569, 1205, 663, 1233, 'Coatepec,', 0.9740616083145142, 21]
[665, 1205, 709, 1231, 'Ver.,', 0.9908554553985596, 19]
[713, 1205, 736, 1230, '11', 0.9953730702400208, 18]
[736, 1203, 767, 1231, 'de', 0.9989895224571228, 21]
[764, 1207, 813, 1233, 'Julio', 0.7857685685157776, 19]
[812, 1205, 842, 1233, 'de', 0.9999432563781738, 21]
[841, 1207, 897, 1231, '2014.', 0.9928344488143921, 18]
[481, 1307, 632, 1377, 'lume', 0.3205747902393341, 52]
[941, 1316, 1056, 1364, 'Dhh', 0.2513383626937866, 36]
[371, 1366, 423, 1394, 'Tobyd', 0.6020147800445557, 21]
[416, 1364, 473, 1394, 'Gfene', 0.20584453642368317, 22]
[468, 1366, 556, 1394, 'Stoumen', 0.9928355813026428, 21]
[553, 1364, 586, 1394, 'de', 0.9999576807022095, 22]
[583, 1367, 632, 1392, 'Vries', 0.9999313354492188, 18]
[408, 1389, 513, 1412, 'DIRECTORA', 0.9996192455291748, 17]
[511, 1391, 597, 1414, 'GENERAL', 0.9996163845062256, 17]
[743, 1371, 801, 1395, 'Marie', 0.9842170476913452, 18]
[801, 1371, 864, 1395, 'Louise', 0.998920202255249, 18]
[866, 1372, 935, 1397, 'Dianne', 0.999923825263977, 18]
[937, 1374, 1010, 1397, 'Plourde', 0.9997567534446716, 17]
[1011, 1374, 1093, 1397, 'Lamothe', 0.9834781289100647, 17]
[788, 1395, 892, 1414, 'DIRECTORA', 0.9995421171188354, 14]
[890, 1397, 920, 1417, 'DE', 0.9996427297592163, 15]
[918, 1395, 1053, 1418, 'BACHILLERATO', 0.9671287536621094, 17]
